-27,7,-8,-3,12,-3,32,1,15,10,-7,11,-32,1,-13,-4,7,-3,26,5,7,10,-14,10
-28,6,-9,-3,10,-3,28,2,11,9,-9,10,-30,2,-11,-3,8,-3,27,6,7,9,-13,10
-28,6,-9,-3,10,-3,28,2,11,9,-9,10,-30,2,-11,-3,8,-3,27,6,7,9,-13,10
-28,6,-10,-3,9,-4,27,1,10,8,-9,9,-30,2,-11,-3,8,-2,27,6,8,10,-13,10
-28,6,-10,-3,9,-4,27,1,10,8,-9,9,-30,2,-11,-3,8,-2,27,6,8,10,-13,10
-27,6,-9,-3,10,-3,27,1,11,9,-8,9,-30,1,-11,-3,8,-3,26,5,7,9,-12,9
-27,6,-9,-3,10,-3,27,1,11,9,-8,9,-30,1,-11,-3,8,-3,26,5,7,9,-12,9
-27,7,-9,-2,9,-2,27,2,11,9,-8,10,-28,2,-10,-3,9,-3,26,6,8,9,-11,9
-27,7,-9,-2,9,-2,27,2,11,9,-8,10,-28,2,-10,-3,9,-3,26,6,8,9,-11,9
-26,6,-7,-4,13,-4,32,-1,15,9,-5,10,-29,2,-11,-3,9,-3,28,6,9,10,-12,11
-28,7,-8,-2,12,-2,31,1,14,10,-7,11,-31,2,-12,-3,8,-3,27,5,7,9,-13,10
-28,7,-8,-2,12,-2,31,1,14,10,-7,11,-31,2,-12,-3,8,-3,27,5,7,9,-13,10
-28,7,-8,-2,12,-2,31,1,14,10,-7,11,-31,2,-12,-3,8,-3,27,5,7,9,-13,10
-28,7,-10,-2,9,-2,27,2,10,9,-9,9,-29,1,-11,-3,8,-3,27,5,8,9,-12,9
-27,6,-8,-3,11,-3,29,2,12,10,-7,10,-30,1,-12,-4,8,-4,26,5,7,9,-13,9
-27,6,-8,-3,11,-3,29,2,12,10,-7,10,-30,1,-12,-4,8,-4,26,5,7,9,-13,9
-28,6,-9,-3,10,-3,28,2,11,9,-9,9,-31,1,-12,-4,8,-4,27,5,7,9,-13,9
-28,6,-9,-3,10,-3,28,2,11,9,-9,9,-31,1,-12,-4,8,-4,27,5,7,9,-13,9
-29,7,-10,-3,9,-3,27,2,11,9,-9,9,-31,1,-13,-4,7,-3,25,5,6,9,-14,9
-29,7,-10,-3,9,-3,27,2,11,9,-9,9,-31,1,-13,-4,7,-3,25,5,6,9,-14,9
-28,5,-8,-3,12,-4,31,0,14,9,-7,9,-31,1,-12,-2,8,-3,27,5,7,9,-13,10
-28,5,-8,-3,12,-4,31,0,14,9,-7,9,-31,1,-12,-2,8,-3,27,5,7,9,-13,10
-27,7,-8,-2,13,-2,32,1,14,10,-7,10,-31,2,-12,-2,8,-2,27,5,7,10,-13,10
-27,7,-6,-3,15,-3,35,1,17,11,-5,11,-36,1,-17,-4,5,-3,25,7,3,11,-18,11
-27,7,-6,-3,15,-3,35,1,17,11,-5,11,-36,1,-17,-4,5,-3,25,7,3,11,-18,11
-26,7,-6,-4,15,-5,35,1,17,10,-5,10,-35,2,-16,-3,6,-3,26,7,5,11,-17,11
-26,7,-6,-4,15,-5,35,1,17,10,-5,10,-35,2,-16,-3,6,-3,26,7,5,11,-17,11
-26,7,-5,-2,16,-3,36,1,18,10,-4,10,-35,1,-16,-3,6,-3,26,7,5,10,-17,10
-26,7,-5,-2,16,-3,36,1,18,10,-4,10,-35,1,-16,-3,6,-3,26,7,5,10,-17,10
-27,6,-7,-4,13,-4,33,1,15,9,-6,10,-33,1,-15,-5,5,-4,25,5,5,9,-16,9
-27,6,-7,-4,13,-4,33,1,15,9,-6,10,-33,1,-15,-5,5,-4,25,5,5,9,-16,9
-29,5,-10,-9,12,-9,32,-2,15,7,-8,8,-35,1,-16,-6,6,-5,27,8,5,12,-17,11
-27,6,-7,-4,13,-5,33,0,15,8,-6,9,-32,1,-14,-4,6,-4,26,5,6,9,-15,9
-27,6,-7,-4,13,-5,33,0,15,8,-6,9,-32,1,-14,-4,6,-4,26,5,6,9,-15,9
-30,5,-10,-3,9,-3,27,1,11,9,-9,9,-32,0,-14,-4,6,-4,26,5,6,9,-15,9
-30,5,-10,-3,9,-3,27,1,11,9,-9,9,-32,0,-14,-4,6,-4,26,5,6,9,-15,9
-28,6,-7,-3,14,-3,34,0,15,10,-6,10,-36,1,-16,-3,5,-2,26,7,4,11,-18,11
-28,6,-7,-3,14,-3,34,0,15,10,-6,10,-36,1,-16,-3,5,-2,26,7,4,11,-18,11
-30,5,-11,-3,8,-3,26,1,9,9,-10,9,-30,1,-12,-3,8,-3,26,5,7,9,-13,9
-30,5,-11,-3,8,-3,26,1,9,9,-10,9,-30,1,-12,-3,8,-3,26,5,7,9,-13,9
-28,6,-9,-3,11,-3,29,1,12,9,-8,10,-30,3,-12,-2,8,-3,27,6,7,10,-13,11
-29,7,-9,-8,13,-8,33,0,15,9,-7,10,-37,0,-18,-7,4,-6,25,7,3,11,-19,10
-29,7,-9,-8,13,-8,33,0,15,9,-7,10,-37,0,-18,-7,4,-6,25,7,3,11,-19,10
-28,6,-8,-7,14,-7,33,1,15,10,-7,10,-37,0,-18,-8,4,-7,25,6,3,10,-20,10
-28,6,-8,-7,14,-7,33,1,15,10,-7,10,-37,0,-18,-8,4,-7,25,6,3,10,-20,10
-26,6,-6,-3,14,-3,33,1,16,9,-5,10,-33,2,-14,-3,6,-3,26,6,6,10,-15,11
-26,6,-6,-3,14,-3,33,1,16,9,-5,10,-33,2,-14,-3,6,-3,26,6,6,10,-15,11
-28,7,-7,-2,14,-3,33,1,16,10,-6,11,-36,0,-16,-3,5,-3,26,6,5,10,-17,10
-28,7,-7,-2,14,-3,33,1,16,10,-6,11,-36,0,-16,-3,5,-3,26,6,5,10,-17,10
-28,6,-9,-3,10,-3,29,2,12,10,-8,10,-31,1,-12,-4,8,-4,26,5,7,9,-13,9
-28,7,-10,-3,10,-3,27,2,11,10,-9,10,-29,2,-11,-3,9,-3,27,6,8,10,-12,10
-28,7,-10,-3,10,-3,27,2,11,10,-9,10,-29,2,-11,-3,9,-3,27,6,8,10,-12,10
-28,6,-11,-2,8,-2,26,2,9,8,-10,9,-29,1,-11,-3,8,-2,26,5,8,9,-12,9
-28,6,-11,-2,8,-2,26,2,9,8,-10,9,-29,1,-11,-3,8,-2,26,5,8,9,-12,9
-29,6,-10,-2,8,-2,26,2,10,9,-10,9,-29,2,-12,-3,7,-3,26,4,7,8,-12,9
-29,6,-10,-2,8,-2,26,2,10,9,-10,9,-29,2,-12,-3,7,-3,26,4,7,8,-12,9
-28,6,-10,-2,9,-2,27,3,10,9,-9,10,-29,1,-11,-3,9,-2,27,5,8,9,-12,9
-28,6,-10,-2,9,-2,27,3,10,9,-9,10,-29,1,-11,-3,9,-2,27,5,8,9,-12,9
-29,6,-9,-3,10,-3,28,3,12,10,-9,10,-31,1,-13,-4,8,-4,27,5,7,9,-14,10
-29,6,-9,-3,10,-3,28,3,12,10,-9,10,-31,1,-13,-4,8,-4,27,5,7,9,-14,10
-29,6,-10,-2,9,-2,27,2,11,9,-9,9,-30,1,-11,-2,8,-2,27,5,8,10,-12,10
-29,6,-10,-2,9,-2,27,2,11,9,-9,9,-30,1,-11,-2,8,-2,27,5,8,10,-12,10
-28,7,-9,-3,11,-3,28,1,12,9,-8,10,-29,2,-11,-3,9,-3,27,6,8,10,-13,10
-28,7,-9,-3,11,-3,28,1,12,9,-8,10,-29,2,-11,-3,9,-3,27,6,8,10,-13,10
-28,6,-8,-3,13,-4,32,0,15,9,-7,10,-32,3,-13,-2,8,-1,27,7,7,11,-14,12
-28,7,-8,-3,13,-3,33,1,15,10,-6,11,-36,-1,-17,-5,5,-3,25,6,3,10,-19,10
-28,7,-8,-3,13,-3,33,1,15,10,-6,11,-36,-1,-17,-5,5,-3,25,6,3,10,-19,10
-27,8,-6,-3,16,-3,37,2,18,10,-5,11,-38,0,-18,-4,4,-3,24,6,3,10,-20,10
-27,8,-6,-3,16,-3,37,2,18,10,-5,11,-38,0,-18,-4,4,-3,24,6,3,10,-20,10
-26,6,-5,-2,16,-2,36,1,17,9,-5,10,-37,0,-18,-3,4,-2,24,6,2,10,-19,10
-26,6,-5,-2,16,-2,36,1,17,9,-5,10,-37,0,-18,-3,4,-2,24,6,2,10,-19,10
-26,7,-7,-1,13,-2,33,1,15,9,-5,10,-32,2,-13,-2,6,-1,25,7,5,10,-15,10
-26,7,-7,-1,13,-2,33,1,15,9,-5,10,-32,2,-13,-2,6,-1,25,7,5,10,-15,10
-24,7,-4,-2,16,-2,36,1,18,9,-3,9,-36,1,-16,-2,4,-1,24,7,3,10,-18,10
-24,7,-4,-2,16,-2,36,1,18,9,-3,9,-36,1,-16,-2,4,-1,24,7,3,10,-18,10
-26,7,-6,-2,14,-3,33,1,16,9,-5,10,-33,1,-14,-3,6,-3,25,6,5,10,-15,10
-26,7,-6,-2,15,-2,35,1,16,9,-5,10,-33,0,-14,-3,6,-3,25,5,5,9,-16,9
-26,7,-6,-2,15,-2,35,1,16,9,-5,10,-33,0,-14,-3,6,-3,25,5,5,9,-16,9
-26,7,-6,-2,15,-3,35,2,16,10,-5,10,-34,2,-15,-3,5,-2,26,7,5,11,-16,11
-26,6,-8,-3,12,-3,30,1,13,8,-7,9,-31,1,-13,-3,7,-3,25,5,6,8,-14,9
-26,6,-8,-3,12,-3,30,1,13,8,-7,9,-31,1,-13,-3,7,-3,25,5,6,8,-14,9
-26,6,-8,-3,12,-3,30,1,13,8,-7,9,-31,1,-13,-3,7,-3,25,5,6,8,-14,9
-26,7,-7,-4,13,-5,33,0,15,8,-6,9,-32,2,-14,-3,7,-3,26,7,6,10,-15,10
-26,7,-7,-2,13,-2,33,1,15,9,-5,10,-33,1,-14,-3,6,-3,25,6,5,9,-15,9
-26,7,-7,-2,13,-2,33,1,15,9,-5,10,-33,1,-14,-3,6,-3,25,6,5,9,-15,9
-27,8,-7,-2,13,-2,33,0,15,9,-6,10,-33,2,-13,-2,7,-2,26,7,6,10,-15,10
-27,8,-7,-2,13,-2,33,0,15,9,-6,10,-33,2,-13,-2,7,-2,26,7,6,10,-15,10
-26,7,-7,-2,13,-2,33,1,15,9,-5,10,-31,1,-12,-3,8,-3,26,6,7,9,-14,9
-26,7,-7,-2,13,-2,33,1,15,9,-5,10,-31,1,-12,-3,8,-3,26,6,7,9,-14,9
-27,7,-7,-1,13,-2,33,1,15,9,-6,10,-32,1,-14,-3,7,-3,26,5,6,9,-15,9
-27,7,-7,-1,13,-2,33,1,15,9,-6,10,-32,1,-14,-3,7,-3,26,5,6,9,-15,9
-26,8,-7,-1,13,-2,33,1,15,9,-5,10,-31,1,-12,-3,7,-3,26,5,7,9,-13,9
-26,6,-7,-2,13,-3,32,0,15,8,-6,9,-31,2,-13,-2,7,-3,25,5,6,9,-14,9
-26,6,-7,-2,13,-3,32,0,15,8,-6,9,-31,2,-13,-2,7,-3,25,5,6,9,-14,9
-25,7,-4,-2,16,-2,37,1,18,9,-3,10,-35,1,-15,-2,5,-1,25,7,4,10,-17,10
-25,7,-4,-2,16,-2,37,1,18,9,-3,10,-35,1,-15,-2,5,-1,25,7,4,10,-17,10
-26,7,-6,-2,15,-3,35,0,16,8,-5,9,-35,2,-15,-1,5,-1,25,7,4,10,-17,10
-26,7,-6,-2,15,-3,35,0,16,8,-5,9,-35,2,-15,-1,5,-1,25,7,4,10,-17,10
-26,6,-7,-2,14,-2,34,0,15,8,-6,9,-33,0,-14,-3,6,-3,25,4,5,8,-16,8
-26,6,-7,-2,14,-2,34,0,15,8,-6,9,-33,0,-14,-3,6,-3,25,4,5,8,-16,8
-27,6,-8,-2,12,-3,32,0,14,8,-7,9,-33,1,-14,-2,6,-2,25,6,5,9,-15,9
-29,6,-10,-2,9,-3,27,1,10,9,-9,9,-31,2,-13,-3,7,-3,24,6,5,9,-14,9
-29,6,-10,-2,9,-3,27,1,10,9,-9,9,-31,2,-13,-3,7,-3,24,6,5,9,-14,9
-26,7,-6,-2,16,-3,36,1,17,10,-5,10,-40,0,-20,-4,1,-3,22,6,0,10,-22,9
-26,7,-6,-2,16,-3,36,1,17,10,-5,10,-40,0,-20,-4,1,-3,22,6,0,10,-22,9
-28,6,-7,-4,13,-3,33,0,14,8,-7,8,-34,1,-15,-3,5,-3,24,5,4,8,-17,9
-28,6,-7,-4,13,-3,33,0,14,8,-7,8,-34,1,-15,-3,5,-3,24,5,4,8,-17,9
-27,7,-7,-1,14,-2,34,1,15,10,-6,10,-35,2,-16,-1,4,-1,24,7,4,11,-17,11
-27,7,-7,-1,14,-2,34,1,15,10,-6,10,-35,2,-16,-1,4,-1,24,7,4,11,-17,11
-27,7,-9,-1,10,-2,28,2,11,9,-8,10,-30,3,-12,-1,7,-1,26,7,6,10,-13,11
-27,7,-9,-1,10,-2,28,2,11,9,-8,10,-30,3,-12,-1,7,-1,26,7,6,10,-13,11
-26,8,-7,-1,14,-1,33,2,15,9,-6,10,-31,3,-12,-1,8,-2,26,6,7,10,-13,10
-25,7,-4,-3,17,-4,38,1,19,9,-3,10,-39,1,-20,-3,1,-2,22,7,0,11,-21,11
-25,7,-4,-3,17,-4,38,1,19,9,-3,10,-39,1,-20,-3,1,-2,22,7,0,11,-21,11
-29,8,-8,-1,13,-2,32,2,14,10,-7,11,-37,1,-17,-2,4,-2,25,7,4,11,-18,11
-29,8,-8,-1,13,-2,32,2,14,10,-7,11,-37,1,-17,-2,4,-2,25,7,4,11,-18,11
-27,7,-7,-3,14,-4,34,1,16,10,-6,11,-38,2,-18,-3,3,-2,23,8,2,12,-20,11
-27,7,-7,-3,14,-4,34,1,16,10,-6,11,-38,2,-18,-3,3,-2,23,8,2,12,-20,11
-28,7,-10,-1,9,-2,27,3,11,10,-9,10,-31,3,-13,-2,7,-2,25,7,7,10,-14,10
-28,7,-10,-1,9,-2,27,3,11,10,-9,10,-31,3,-13,-2,7,-2,25,7,7,10,-14,10
-26,7,-7,-2,13,-3,33,1,15,8,-6,9,-30,2,-11,-2,8,-2,27,7,8,9,-13,10
-26,7,-7,-2,13,-3,33,1,15,8,-6,9,-30,2,-11,-2,8,-2,27,7,8,9,-13,10
-26,7,-7,-2,13,-2,32,1,15,9,-5,10,-32,3,-13,-1,7,-1,26,7,6,11,-15,11
-26,7,-7,-2,13,-2,32,1,15,9,-5,10,-32,3,-13,-1,7,-1,26,7,6,11,-15,11
-27,7,-9,-1,10,-2,29,3,12,10,-8,10,-29,3,-11,-2,8,-2,27,6,8,10,-12,11
-27,9,-8,-5,14,-5,34,2,16,11,-6,12,-37,0,-19,-7,3,-5,24,8,2,12,-20,11
-27,9,-8,-5,14,-5,34,2,16,11,-6,12,-37,0,-19,-7,3,-5,24,8,2,12,-20,11
-24,9,-5,0,15,-1,35,2,17,10,-4,10,-32,3,-13,0,8,0,27,8,6,11,-15,11
-24,9,-5,0,15,-1,35,2,17,10,-4,10,-32,3,-13,0,8,0,27,8,6,11,-15,11
-25,8,-6,-1,15,-1,34,3,17,11,-4,11,-31,3,-13,-2,8,-2,27,7,7,10,-14,11
-25,8,-6,-1,15,-1,34,3,17,11,-4,11,-31,3,-13,-2,8,-2,27,7,7,10,-14,11
-26,8,-7,-2,13,-3,33,1,16,10,-5,11,-30,2,-12,-3,8,-2,28,7,8,10,-13,11
-26,9,-7,-2,14,-3,34,3,16,11,-5,12,-34,2,-15,-4,6,-3,27,9,5,12,-16,11
-26,9,-7,-2,14,-3,34,3,16,11,-5,12,-34,2,-15,-4,6,-3,27,9,5,12,-16,11
-26,9,-7,-2,14,-3,34,3,16,11,-5,12,-34,2,-15,-4,6,-3,27,9,5,12,-16,11
-26,9,-7,-4,14,-4,33,2,16,10,-5,11,-32,3,-15,-4,6,-3,26,7,5,10,-16,11
-25,9,-5,0,15,0,34,2,17,10,-4,11,-32,4,-13,0,8,0,27,8,7,11,-14,12
-25,9,-5,0,15,0,34,2,17,10,-4,11,-32,4,-13,0,8,0,27,8,7,11,-14,12
-26,8,-6,-3,16,-5,37,0,18,9,-4,10,-36,1,-17,-3,5,-3,26,7,4,11,-18,11
-26,8,-6,-3,16,-5,37,0,18,9,-4,10,-36,1,-17,-3,5,-3,26,7,4,11,-18,11
-26,7,-6,-2,15,-2,35,3,17,10,-5,11,-32,3,-14,-2,7,-2,27,7,6,11,-15,11
-26,7,-6,-2,15,-2,35,3,17,10,-5,11,-32,3,-14,-2,7,-2,27,7,6,11,-15,11
-24,7,-5,-3,15,-4,34,1,17,9,-4,10,-31,1,-13,-3,7,-3,27,6,6,10,-14,10
-27,7,-8,-1,13,-1,33,2,15,10,-6,10,-31,1,-12,-3,8,-3,27,5,7,9,-13,9
-27,7,-8,-1,13,-1,33,2,15,10,-6,10,-31,1,-12,-3,8,-3,27,5,7,9,-13,9
-27,7,-8,-1,13,-1,33,2,15,10,-6,10,-31,1,-12,-3,8,-3,27,5,7,9,-13,9
-25,7,-5,-3,16,-3,37,1,18,9,-4,10,-35,2,-16,-2,5,-2,26,7,4,11,-18,11
-28,9,-8,-6,14,-6,34,1,17,11,-6,12,-37,0,-17,-7,5,-6,26,8,4,12,-19,11
-28,9,-8,-6,14,-6,34,1,17,11,-6,12,-37,0,-17,-7,5,-6,26,8,4,12,-19,11
-26,8,-6,-6,16,-6,37,1,18,10,-5,10,-37,1,-17,-5,5,-4,26,8,3,11,-19,11
-26,8,-6,-6,16,-6,37,1,18,10,-5,10,-37,1,-17,-5,5,-4,26,8,3,11,-19,11
-24,8,-4,0,16,-1,35,3,17,10,-3,11,-33,3,-14,-1,6,-1,26,7,5,11,-16,11
-24,8,-4,0,16,-1,35,3,17,10,-3,11,-33,3,-14,-1,6,-1,26,7,5,11,-16,11
-25,8,-5,0,15,-1,35,2,17,10,-4,11,-31,1,-12,-3,8,-2,27,6,6,9,-14,9
-25,8,-5,0,15,-1,35,2,17,10,-4,11,-31,1,-12,-3,8,-2,27,6,6,9,-14,9
-25,7,-5,-6,18,-6,38,1,19,10,-4,10,-37,-1,-18,-7,5,-6,26,6,3,10,-19,10
-27,0,-6,-14,18,-15,38,-7,20,3,-4,4,-38,0,-18,-7,5,-6,26,7,3,12,-20,11
-27,0,-6,-14,18,-15,38,-7,20,3,-4,4,-38,0,-18,-7,5,-6,26,7,3,12,-20,11
-25,7,-5,-1,15,-1,35,2,17,9,-4,10,-30,3,-11,-1,9,0,29,7,8,11,-13,11
-25,7,-5,-1,15,-1,35,2,17,9,-4,10,-30,3,-11,-1,9,0,29,7,8,11,-13,11
-25,7,-5,-2,16,-4,36,0,18,9,-4,10,-31,3,-12,-1,8,-1,28,8,8,11,-13,11
-25,7,-5,-2,16,-4,36,0,18,9,-4,10,-31,3,-12,-1,8,-1,28,8,8,11,-13,11
-26,7,-6,-1,14,-1,33,1,15,10,-5,10,-30,0,-12,-3,8,-3,28,5,8,9,-13,9
-26,7,-6,-1,14,-1,33,1,15,10,-5,10,-30,0,-12,-3,8,-3,28,5,8,9,-13,9
-25,7,-5,-1,16,-1,37,2,18,10,-4,11,-33,0,-14,-3,7,-2,29,6,6,10,-15,9
-25,7,-5,-1,16,-1,37,2,18,10,-4,11,-33,0,-14,-3,7,-2,29,6,6,10,-15,9
-24,6,-4,-5,18,-6,39,-1,21,8,-3,9,-35,0,-15,-4,7,-3,28,6,5,10,-17,10
-24,8,-4,-1,17,-1,36,3,18,10,-3,10,-30,4,-11,-1,9,-1,29,7,8,11,-13,11
-24,8,-4,-1,17,-1,36,3,18,10,-3,10,-30,4,-11,-1,9,-1,29,7,8,11,-13,11
-23,8,-3,-1,18,-1,38,3,19,10,-2,11,-33,2,-15,-2,6,-2,27,7,5,10,-16,10
-23,8,-3,-1,18,-1,38,3,19,10,-2,11,-33,2,-15,-2,6,-2,27,7,5,10,-16,10
-27,6,-7,-4,14,-5,34,-1,16,8,-6,9,-35,1,-16,-3,5,-3,25,6,4,10,-18,10
-27,6,-7,-4,14,-5,34,-1,16,8,-6,9,-35,1,-16,-3,5,-3,25,6,4,10,-18,10
-28,8,-8,-6,14,-6,34,1,16,11,-7,11,-36,0,-16,-8,6,-6,26,7,4,11,-18,10
-28,8,-8,-6,14,-6,34,1,16,11,-7,11,-36,0,-16,-8,6,-6,26,7,4,11,-18,10
-27,7,-7,-1,13,-2,33,2,15,9,-6,10,-33,1,-15,-3,5,-3,24,5,4,9,-16,9
-27,5,-7,-3,13,-4,33,0,14,7,-6,8,-34,0,-15,-4,4,-4,24,5,3,8,-17,8
-27,5,-7,-3,13,-4,33,0,14,7,-6,8,-34,0,-15,-4,4,-4,24,5,3,8,-17,8
-28,5,-8,-4,13,-5,33,-1,15,8,-7,9,-34,2,-16,-2,5,-2,25,7,4,11,-17,11
-28,5,-8,-4,13,-5,33,-1,15,8,-7,9,-34,2,-16,-2,5,-2,25,7,4,11,-17,11
-25,8,-6,-6,14,-7,33,1,16,8,-5,9,-30,2,-12,-6,8,-5,26,8,7,10,-14,10
-26,8,-8,-6,12,-8,30,0,15,8,-6,10,-31,2,-13,-6,8,-5,26,8,6,11,-15,11
-25,9,-7,-4,13,-5,32,2,15,9,-6,11,-31,2,-13,-5,8,-4,26,9,6,11,-15,11
-25,9,-7,-4,13,-5,32,2,15,9,-6,11,-31,2,-13,-5,8,-4,26,9,6,11,-15,11
-25,8,-7,-6,14,-8,32,1,16,8,-5,10,-30,3,-12,-5,9,-5,27,9,8,11,-14,11
-25,8,-7,-6,14,-8,32,1,16,8,-5,10,-30,3,-12,-5,9,-5,27,9,8,11,-14,11
-26,8,-8,-5,13,-7,32,0,15,8,-6,9,-31,2,-12,-6,8,-4,27,8,7,10,-14,10
-26,8,-8,-5,13,-7,32,0,15,8,-6,9,-31,2,-12,-6,8,-4,27,8,7,10,-14,10
-27,8,-9,-7,12,-8,30,0,14,8,-7,9,-31,2,-13,-6,8,-5,26,8,7,11,-14,10
-26,9,-8,-6,13,-8,31,0,15,9,-6,10,-32,2,-14,-7,7,-5,25,8,6,10,-16,10
-26,9,-8,-6,13,-8,31,0,15,9,-6,10,-32,2,-14,-7,7,-5,25,8,6,10,-16,10
-26,8,-7,-6,13,-7,32,0,16,8,-5,9,-30,2,-12,-5,9,-5,27,8,8,10,-13,10
-26,8,-7,-6,13,-7,32,0,16,8,-5,9,-30,2,-12,-5,9,-5,27,8,8,10,-13,10
-25,8,-7,-6,14,-7,33,1,16,8,-5,9,-29,2,-11,-5,10,-5,28,8,8,10,-13,10
-25,8,-7,-6,14,-7,33,1,16,8,-5,9,-29,2,-11,-5,10,-5,28,8,8,10,-13,10
-25,10,-7,-3,14,-4,34,2,17,11,-5,12,-35,1,-16,-6,5,-4,25,9,4,11,-18,11
-25,10,-7,-3,14,-4,34,2,17,11,-5,12,-35,1,-16,-6,5,-4,25,9,4,11,-18,11
-25,8,-7,-5,13,-7,32,0,16,9,-5,10,-32,2,-13,-5,8,-4,27,9,7,12,-15,11
-26,9,-8,-6,13,-8,31,1,15,9,-6,10,-30,3,-12,-6,9,-5,28,9,8,12,-13,11
-26,9,-8,-6,13,-8,31,1,15,9,-6,10,-30,3,-12,-6,9,-5,28,9,8,12,-13,11
-26,8,-8,-5,12,-6,31,1,15,9,-6,10,-29,2,-12,-6,9,-5,27,8,8,10,-13,10
-26,8,-8,-5,12,-6,31,1,15,9,-6,10,-29,2,-12,-6,9,-5,27,8,8,10,-13,10
-26,8,-8,-5,12,-6,31,1,15,9,-6,10,-29,2,-12,-6,9,-5,27,8,8,10,-13,10
-26,9,-9,-5,12,-7,30,1,14,9,-6,10,-31,1,-13,-6,8,-5,26,8,6,10,-15,10
-26,9,-8,-6,13,-7,31,0,15,8,-6,10,-32,1,-15,-6,6,-5,24,9,5,11,-16,10
-26,9,-8,-6,13,-7,31,0,15,8,-6,10,-32,1,-15,-6,6,-5,24,9,5,11,-16,10
-27,7,-9,-7,12,-9,30,-1,14,6,-7,8,-30,2,-12,-6,9,-5,27,8,8,11,-14,10
-26,9,-7,-4,14,-6,33,1,17,9,-5,10,-33,3,-14,-4,7,-3,26,10,6,12,-16,11
-26,9,-7,-4,14,-6,33,1,17,9,-5,10,-33,3,-14,-4,7,-3,26,10,6,12,-16,11
-26,8,-8,-6,13,-8,31,0,16,9,-6,10,-33,3,-14,-5,7,-4,26,9,6,12,-16,12
-26,8,-8,-6,13,-8,31,0,16,9,-6,10,-33,3,-14,-5,7,-4,26,9,6,12,-16,12
-25,8,-7,-5,13,-6,31,2,15,9,-5,10,-31,3,-13,-5,8,-4,26,9,6,11,-14,11
-25,8,-7,-5,13,-6,31,2,15,9,-5,10,-31,3,-13,-5,8,-4,26,9,6,11,-14,11
-25,9,-8,-6,13,-8,31,0,16,9,-6,10,-30,2,-12,-6,9,-5,27,8,7,11,-14,11
-25,9,-8,-6,13,-8,31,0,16,9,-6,10,-30,2,-12,-6,9,-5,27,8,7,11,-14,11
-25,8,-7,-6,14,-7,33,1,16,9,-5,10,-33,3,-14,-5,7,-4,26,9,6,12,-16,11
-26,8,-7,-6,13,-7,31,0,15,8,-6,9,-30,3,-12,-5,8,-4,26,8,7,11,-14,11
-26,8,-7,-6,13,-7,31,0,15,8,-6,9,-30,3,-12,-5,8,-4,26,8,7,11,-14,11
-26,8,-7,-6,13,-7,31,0,15,8,-6,9,-30,3,-12,-5,8,-4,26,8,7,11,-14,11
-26,10,-7,-3,13,-5,31,3,15,10,-5,11,-29,4,-10,-4,10,-3,28,10,9,12,-12,12
-27,11,-9,-3,11,-4,29,4,14,11,-7,12,-30,3,-11,-5,10,-4,27,10,8,12,-13,11
-27,11,-9,-3,11,-4,29,4,14,11,-7,12,-30,3,-11,-5,10,-4,27,10,8,12,-13,11
-27,10,-9,-2,10,-3,28,3,12,10,-7,11,-31,3,-13,-3,8,-2,26,11,6,12,-15,12
-27,10,-9,-2,10,-3,28,3,12,10,-7,11,-31,3,-13,-3,8,-2,26,11,6,12,-15,12
-27,12,-10,-2,10,-3,29,4,13,12,-8,13,-31,3,-12,-4,9,-3,27,11,7,12,-14,12
-25,11,-7,-3,13,-5,32,3,16,10,-5,11,-31,3,-12,-4,9,-3,27,11,8,12,-13,11
-25,11,-7,-3,13,-5,32,3,16,10,-5,11,-31,3,-12,-4,9,-3,27,11,8,12,-13,11
-26,10,-8,-4,12,-5,30,2,14,9,-7,10,-31,2,-12,-5,9,-4,27,10,7,11,-14,11
-26,10,-8,-4,12,-5,30,2,14,9,-7,10,-31,2,-12,-5,9,-4,27,10,7,11,-14,11
-26,10,-8,-4,12,-5,30,2,14,9,-7,10,-31,2,-12,-5,9,-4,27,10,7,11,-14,11
-25,10,-8,-4,12,-5,31,2,15,10,-6,11,-32,4,-13,-4,8,-3,26,10,7,12,-15,12
-26,12,-9,-2,11,-4,30,5,14,13,-7,14,-29,5,-12,-4,9,-2,27,12,8,14,-13,14
-26,12,-9,-2,11,-4,30,5,14,13,-7,14,-29,5,-12,-4,9,-2,27,12,8,14,-13,14
-26,11,-8,-3,12,-5,30,3,14,11,-6,12,-31,3,-13,-5,8,-3,26,11,6,13,-15,12
-26,11,-8,-3,12,-5,30,3,14,11,-6,12,-31,3,-13,-5,8,-3,26,11,6,13,-15,12
-26,10,-8,-5,12,-7,30,2,14,9,-7,10,-32,2,-14,-6,7,-6,25,9,6,10,-16,10
-26,10,-8,-5,12,-7,30,2,14,9,-7,10,-32,2,-14,-6,7,-6,25,9,6,10,-16,10
-27,11,-8,-3,12,-5,31,3,15,10,-6,11,-34,4,-15,-3,6,-2,25,12,5,13,-17,13
-26,11,-9,-4,12,-5,31,3,14,11,-7,12,-32,3,-14,-5,7,-4,26,11,6,12,-15,12
-26,11,-9,-4,12,-5,31,3,14,11,-7,12,-32,3,-14,-5,7,-4,26,11,6,12,-15,12
-26,11,-9,-3,11,-3,29,4,13,10,-7,11,-30,3,-12,-4,8,-3,26,10,7,12,-14,11
-26,11,-9,-3,11,-3,29,4,13,10,-7,11,-30,3,-12,-4,8,-3,26,10,7,12,-14,11
-27,12,-10,-4,11,-5,28,4,13,12,-8,13,-29,5,-12,-5,9,-4,27,11,8,13,-14,13
-27,12,-10,-4,11,-5,28,4,13,12,-8,13,-29,5,-12,-5,9,-4,27,11,8,13,-14,13
-26,11,-9,-5,11,-6,28,3,13,11,-8,12,-30,4,-12,-6,9,-4,26,10,7,13,-14,12
-26,11,-9,-5,11,-6,28,3,13,11,-8,12,-30,4,-12,-6,9,-4,26,10,7,13,-14,12
-26,10,-9,-5,12,-6,30,3,14,10,-7,11,-30,3,-12,-5,8,-4,27,10,7,12,-14,11
-27,10,-8,-4,13,-6,31,3,15,10,-6,11,-32,3,-14,-5,7,-4,26,10,6,11,-16,11
-27,10,-8,-4,13,-6,31,3,15,10,-6,11,-32,3,-14,-5,7,-4,26,10,6,11,-16,11
-26,10,-9,-4,12,-5,30,4,14,11,-7,11,-31,3,-13,-5,8,-4,26,10,7,12,-14,11
-26,10,-9,-4,12,-5,30,4,14,11,-7,11,-31,3,-13,-5,8,-4,26,10,7,12,-14,11
-27,10,-9,-6,12,-8,30,2,14,10,-7,11,-31,3,-13,-6,8,-6,25,10,7,12,-15,12
-27,10,-9,-6,12,-8,30,2,14,10,-7,11,-31,3,-13,-6,8,-6,25,10,7,12,-15,12
-26,12,-9,-3,12,-5,31,4,14,12,-7,12,-31,3,-13,-5,8,-4,26,11,7,12,-15,12
-26,12,-9,-3,12,-5,31,4,14,12,-7,12,-31,3,-13,-5,8,-4,26,11,7,12,-15,12
-26,10,-9,-5,11,-6,30,2,14,10,-7,11,-30,4,-12,-5,8,-4,26,10,7,13,-14,12
-26,11,-9,-3,10,-4,29,4,13,11,-7,12,-29,3,-12,-5,9,-3,26,11,7,12,-14,11
-26,11,-9,-3,10,-4,29,4,13,11,-7,12,-29,3,-12,-5,9,-3,26,11,7,12,-14,11
-27,11,-10,-4,11,-6,29,3,14,11,-7,12,-28,4,-11,-5,10,-4,28,11,8,13,-13,13
-27,11,-10,-4,11,-6,29,3,14,11,-7,12,-28,4,-11,-5,10,-4,28,11,8,13,-13,13
-26,11,-9,-3,12,-5,30,3,14,11,-7,12,-30,3,-13,-5,7,-3,25,11,6,12,-15,12
-26,11,-9,-3,12,-5,30,3,14,11,-7,12,-30,3,-13,-5,7,-3,25,11,6,12,-15,12
-26,11,-8,-3,13,-4,32,4,15,11,-6,12,-30,4,-13,-4,8,-3,26,10,7,12,-14,12
-26,11,-8,-3,13,-4,32,4,15,11,-6,12,-30,4,-13,-4,8,-3,26,10,7,12,-14,12
-27,11,-9,-3,12,-5,31,3,15,11,-7,12,-31,4,-13,-4,8,-3,26,11,6,12,-15,12
-27,11,-9,-3,11,-5,30,4,13,11,-7,12,-29,3,-12,-6,9,-5,27,10,8,12,-13,12
-27,11,-9,-3,11,-5,30,4,13,11,-7,12,-29,3,-12,-6,9,-5,27,10,8,12,-13,12
-27,10,-9,-4,11,-5,30,3,13,10,-8,11,-32,2,-13,-6,7,-4,26,10,6,11,-15,11
-27,10,-9,-4,11,-5,30,3,13,10,-8,11,-32,2,-13,-6,7,-4,26,10,6,11,-15,11
-28,11,-11,-6,10,-7,28,2,13,11,-8,12,-30,3,-13,-6,8,-5,26,10,7,12,-15,12
-28,11,-11,-6,10,-7,28,2,13,11,-8,12,-30,3,-13,-6,8,-5,26,10,7,12,-15,12
-26,9,-9,-9,13,-11,32,-2,16,8,-6,10,-31,0,-13,-9,8,-8,26,7,7,10,-15,10
-26,7,-9,-9,13,-10,31,-1,15,8,-6,10,-31,1,-14,-9,7,-7,26,7,6,11,-15,10
-26,7,-9,-9,13,-10,31,-1,15,8,-6,10,-31,1,-14,-9,7,-7,26,7,6,11,-15,10
-25,8,-5,-6,17,-7,37,1,19,9,-4,10,-37,0,-19,-7,3,-6,23,7,2,10,-21,10
-25,8,-5,-6,17,-7,37,1,19,9,-4,10,-37,0,-19,-7,3,-6,23,7,2,10,-21,10
-26,8,-8,-7,13,-8,32,-1,15,8,-6,9,-30,1,-13,-7,8,-6,26,7,6,10,-14,10
-26,8,-8,-7,13,-8,32,-1,15,8,-6,9,-30,1,-13,-7,8,-6,26,7,6,10,-14,10
-25,8,-7,-5,14,-6,34,1,17,9,-5,11,-35,0,-17,-7,4,-6,23,6,3,9,-19,9
-27,9,-8,-6,13,-7,32,1,15,9,-7,11,-31,1,-13,-8,8,-6,26,7,6,10,-15,10
-27,9,-8,-6,13,-7,32,1,15,9,-7,11,-31,1,-13,-8,8,-6,26,7,6,10,-15,10
-27,9,-8,-6,13,-7,32,1,15,9,-7,11,-31,1,-13,-8,8,-6,26,7,6,10,-15,10
-28,9,-10,-4,10,-5,27,3,12,11,-9,12,-30,3,-12,-5,8,-5,26,7,7,11,-14,11
-25,9,-7,-5,13,-6,32,1,16,9,-5,10,-30,3,-13,-5,8,-5,26,7,7,11,-14,11
-25,9,-7,-5,13,-6,32,1,16,9,-5,10,-30,3,-13,-5,8,-5,26,7,7,11,-14,11
-26,8,-8,-4,13,-5,33,1,15,9,-6,10,-33,1,-15,-6,6,-6,25,6,5,9,-16,9
-26,8,-8,-4,13,-5,33,1,15,9,-6,10,-33,1,-15,-6,6,-6,25,6,5,9,-16,9
-26,8,-7,-5,15,-6,34,2,17,9,-5,10,-32,2,-14,-5,7,-5,26,7,6,10,-15,10
-26,8,-7,-5,15,-6,34,2,17,9,-5,10,-32,2,-14,-5,7,-5,26,7,6,10,-15,10
-27,10,-8,-6,13,-8,33,0,16,9,-6,11,-33,2,-15,-6,6,-5,25,8,5,11,-17,10
-25,9,-7,-5,13,-7,32,1,16,9,-5,10,-30,3,-13,-5,8,-4,26,9,6,11,-14,11
-25,9,-7,-5,13,-7,32,1,16,9,-5,10,-30,3,-13,-5,8,-4,26,9,6,11,-14,11
-25,9,-8,-4,12,-5,31,2,14,9,-6,10,-30,4,-13,-4,7,-3,25,8,6,11,-14,11
-25,9,-8,-4,12,-5,31,2,14,9,-6,10,-30,4,-13,-4,7,-3,25,8,6,11,-14,11
-25,9,-6,-5,16,-7,36,1,19,9,-4,11,-35,3,-17,-4,5,-3,24,9,3,12,-18,12
-25,9,-6,-5,16,-7,36,1,19,9,-4,11,-35,3,-17,-4,5,-3,24,9,3,12,-18,12
-25,8,-7,-5,14,-7,33,1,16,8,-5,9,-30,2,-12,-5,8,-5,26,8,7,10,-14,10
-25,8,-7,-5,14,-7,33,1,16,8,-5,9,-30,2,-12,-5,8,-5,26,8,7,10,-14,10
-26,9,-9,-3,10,-4,28,2,13,9,-7,10,-29,2,-12,-6,8,-4,26,7,7,10,-13,10
-26,9,-9,-3,10,-4,28,2,13,9,-7,10,-29,2,-12,-6,8,-4,26,7,7,10,-13,10
-25,9,-8,-4,13,-5,33,2,15,9,-6,10,-31,2,-13,-5,7,-5,25,8,6,10,-15,10
-25,8,-8,-5,12,-6,30,1,14,9,-6,10,-30,2,-13,-6,8,-5,26,8,7,10,-14,10
-25,8,-8,-5,12,-6,30,1,14,9,-6,10,-30,2,-13,-6,8,-5,26,8,7,10,-14,10
-25,8,-7,-6,15,-8,34,0,17,9,-5,10,-34,3,-16,-5,6,-4,25,9,5,12,-17,12
-25,8,-7,-6,15,-8,34,0,17,9,-5,10,-34,3,-16,-5,6,-4,25,9,5,12,-17,12
-24,8,-6,-3,14,-4,33,2,16,9,-5,10,-31,2,-13,-5,8,-4,26,7,7,10,-14,10
-24,8,-6,-3,14,-4,33,2,16,9,-5,10,-31,2,-13,-5,8,-4,26,7,7,10,-14,10
-25,9,-8,-4,12,-5,30,3,14,10,-7,10,-28,3,-12,-5,8,-5,26,8,7,10,-13,10
-26,10,-9,-5,11,-6,30,2,14,9,-7,10,-27,5,-11,-4,10,-3,27,10,8,13,-12,13
-26,10,-9,-5,11,-6,30,2,14,9,-7,10,-27,5,-11,-4,10,-3,27,10,8,13,-12,13
-25,10,-7,-4,13,-6,31,3,15,10,-6,10,-30,4,-12,-5,9,-3,28,10,8,12,-13,12
-25,10,-7,-4,13,-6,31,3,15,10,-6,10,-30,4,-12,-5,9,-3,28,10,8,12,-13,12
-26,11,-8,-3,12,-4,30,4,14,11,-7,12,-31,4,-13,-4,8,-3,26,10,6,12,-15,12
-26,11,-8,-3,12,-4,30,4,14,11,-7,12,-31,4,-13,-4,8,-3,26,10,6,12,-15,12
-26,11,-8,-4,13,-6,32,3,16,11,-6,12,-32,4,-14,-5,7,-4,25,11,5,12,-16,11
-26,11,-8,-4,13,-6,32,3,16,11,-6,12,-32,4,-14,-5,7,-4,25,11,5,12,-16,11
-26,10,-8,-4,12,-5,30,3,14,10,-6,11,-31,4,-13,-5,7,-3,25,11,6,12,-15,12
-26,10,-8,-4,12,-5,30,3,14,10,-6,11,-31,4,-13,-5,7,-3,25,11,6,12,-15,12
-26,12,-9,-3,11,-5,29,4,14,12,-7,13,-30,3,-13,-6,8,-5,26,10,7,12,-14,11
-26,12,-9,-3,11,-5,29,4,14,12,-7,13,-30,3,-13,-6,8,-5,26,10,7,12,-14,11
-27,12,-10,-4,11,-6,29,3,13,11,-8,12,-30,3,-12,-6,8,-5,26,11,7,12,-14,12
-25,11,-7,-3,15,-4,34,6,17,13,-5,13,-35,4,-16,-4,6,-4,25,11,4,13,-18,13
-25,11,-7,-3,15,-4,34,6,17,13,-5,13,-35,4,-16,-4,6,-4,25,11,4,13,-18,13
-25,11,-8,-4,13,-6,32,3,16,11,-6,12,-30,5,-12,-5,9,-3,27,11,7,12,-14,12
-25,11,-8,-4,13,-6,32,3,16,11,-6,12,-30,5,-12,-5,9,-3,27,11,7,12,-14,12
-25,10,-7,-3,13,-4,32,3,15,10,-6,11,-32,3,-13,-4,7,-3,26,10,6,12,-15,11
-25,10,-7,-3,13,-4,32,3,15,10,-6,11,-32,3,-13,-4,7,-3,26,10,6,12,-15,11
-27,12,-9,-4,13,-6,32,4,15,12,-7,13,-31,4,-13,-5,8,-4,26,12,6,13,-15,13
-27,12,-9,-4,13,-6,32,4,15,12,-7,13,-31,4,-13,-5,8,-4,26,12,6,13,-15,13
-26,10,-8,-6,13,-7,32,2,15,10,-6,11,-32,3,-13,-6,8,-6,26,10,6,11,-15,11
-26,10,-8,-6,13,-7,32,2,15,10,-6,11,-32,3,-13,-6,8,-6,26,10,6,11,-15,11
-26,12,-7,-3,15,-5,34,4,17,11,-5,13,-32,3,-14,-5,7,-4,27,10,6,11,-15,11
-26,11,-9,-4,12,-6,30,3,14,11,-7,12,-30,3,-13,-6,8,-4,26,10,7,12,-14,12
-26,11,-9,-4,12,-6,30,3,14,11,-7,12,-30,3,-13,-6,8,-4,26,10,7,12,-14,12
-26,11,-8,-4,13,-5,32,4,15,11,-6,12,-31,4,-13,-5,8,-4,26,10,6,12,-15,12
-26,11,-8,-4,13,-5,32,4,15,11,-6,12,-31,4,-13,-5,8,-4,26,10,6,12,-15,12
-26,11,-7,-4,14,-5,33,4,16,11,-5,12,-31,4,-13,-4,9,-3,28,11,7,13,-15,13
-26,11,-7,-4,14,-5,33,4,16,11,-5,12,-31,4,-13,-4,9,-3,28,11,7,13,-15,13
-27,11,-9,-4,12,-5,31,3,14,11,-7,12,-32,3,-14,-5,7,-4,26,10,6,11,-16,11
-27,11,-9,-4,12,-5,31,3,14,11,-7,12,-32,3,-14,-5,7,-4,26,10,6,11,-16,11
-26,11,-9,-4,12,-5,31,4,14,11,-7,12,-31,3,-13,-5,7,-4,26,10,6,12,-15,12
-25,10,-7,-4,14,-5,33,3,16,10,-5,11,-33,4,-14,-4,7,-3,26,10,6,12,-16,12
-25,10,-7,-4,14,-5,33,3,16,10,-5,11,-33,4,-14,-4,7,-3,26,10,6,12,-16,12
-26,11,-8,-4,13,-6,32,2,15,11,-6,12,-31,4,-12,-5,9,-5,27,10,8,13,-14,12
-26,11,-8,-4,13,-6,32,2,15,11,-6,12,-31,4,-12,-5,9,-5,27,10,8,13,-14,12
-26,10,-6,-4,15,-5,34,4,16,11,-5,11,-31,4,-12,-4,9,-3,28,10,8,12,-14,12
-26,10,-6,-4,15,-5,34,4,16,11,-5,11,-31,4,-12,-4,9,-3,28,10,8,12,-14,12
-27,12,-8,-3,14,-4,33,5,16,12,-6,13,-33,5,-15,-4,7,-3,26,12,6,13,-16,13
-27,12,-9,-4,12,-6,30,3,14,11,-7,12,-31,2,-13,-6,8,-5,26,10,6,11,-15,11
-27,12,-9,-4,12,-6,30,3,14,11,-7,12,-31,2,-13,-6,8,-5,26,10,6,11,-15,11
-25,9,-7,-6,14,-8,33,1,17,10,-5,11,-35,1,-17,-7,5,-6,24,8,4,11,-18,11
-25,9,-7,-6,14,-8,33,1,17,10,-5,11,-35,1,-17,-7,5,-6,24,8,4,11,-18,11
-26,8,-8,-8,13,-10,32,0,16,9,-6,10,-31,1,-14,-9,7,-7,26,8,6,11,-16,10
-26,8,-8,-8,13,-10,32,0,16,9,-6,10,-31,1,-14,-9,7,-7,26,8,6,11,-16,10
-26,8,-9,-8,13,-10,32,0,16,8,-6,10,-33,2,-15,-7,6,-5,26,9,5,12,-17,11
-26,8,-9,-8,13,-10,32,0,16,8,-6,10,-33,2,-15,-7,6,-5,26,9,5,12,-17,11
-25,8,-8,-7,13,-9,31,-1,15,8,-6,10,-30,1,-13,-8,7,-7,26,7,6,10,-15,10
-26,8,-8,-8,13,-10,32,-1,16,8,-6,10,-33,1,-15,-8,6,-7,24,8,4,11,-17,10
-26,8,-8,-8,13,-10,32,-1,16,8,-6,10,-33,1,-15,-8,6,-7,24,8,4,11,-17,10
-26,8,-8,-8,13,-10,32,-1,16,8,-6,10,-33,1,-15,-8,6,-7,24,8,4,11,-17,10
-27,4,-6,-4,14,-5,34,-3,16,6,-6,7,-32,0,-13,-3,7,-3,26,4,5,8,-15,8
-27,3,-8,-5,13,-6,32,-3,15,6,-7,7,-34,0,-15,-3,5,-3,25,4,4,9,-17,9
-27,3,-7,-5,13,-5,33,-2,15,6,-6,6,-34,-1,-15,-3,5,-3,25,4,4,8,-17,8
-27,3,-7,-5,13,-5,33,-2,15,6,-6,6,-34,-1,-15,-3,5,-3,25,4,4,8,-17,8
-27,3,-6,-6,15,-7,36,-2,17,7,-5,7,-36,-2,-17,-6,4,-6,25,3,3,8,-19,8
-27,3,-6,-6,15,-7,36,-2,17,7,-5,7,-36,-2,-17,-6,4,-6,25,3,3,8,-19,8
-26,2,-8,-4,11,-4,30,-3,13,6,-7,6,-31,0,-13,-3,6,-3,25,3,6,8,-14,8
-26,2,-8,-4,11,-4,30,-3,13,6,-7,6,-31,0,-13,-3,6,-3,25,3,6,8,-14,8
-27,2,-7,-4,12,-4,31,-3,14,6,-7,6,-32,-1,-13,-4,6,-4,26,2,6,7,-14,7
-28,3,-8,-5,13,-6,33,-2,15,8,-7,8,-34,-2,-16,-5,5,-5,26,3,5,8,-17,8
-28,3,-8,-5,13,-6,33,-2,15,8,-7,8,-34,-2,-16,-5,5,-5,26,3,5,8,-17,8
-28,3,-8,-5,13,-6,33,-2,15,8,-7,8,-34,-2,-16,-5,5,-5,26,3,5,8,-17,8
-28,3,-6,-6,16,-6,37,-2,18,7,-5,8,-39,-2,-19,-5,3,-5,24,4,2,9,-21,9
-28,3,-6,-6,16,-6,37,-2,18,7,-5,8,-39,-2,-19,-5,3,-5,24,4,2,9,-21,9
-27,4,-7,-5,14,-5,34,-4,16,5,-5,6,-33,0,-14,-3,6,-3,25,4,5,8,-15,8
-27,4,-8,-3,11,-4,30,-1,13,7,-8,8,-31,0,-12,-3,7,-3,26,4,6,8,-14,8
-27,4,-8,-3,11,-4,30,-1,13,7,-8,8,-31,0,-12,-3,7,-3,26,4,6,8,-14,8
-28,3,-9,-3,10,-3,29,-1,11,7,-8,7,-32,0,-14,-2,6,-2,24,3,5,7,-15,8
-28,3,-9,-3,10,-3,29,-1,11,7,-8,7,-32,0,-14,-2,6,-2,24,3,5,7,-15,8
-26,4,-7,-4,12,-4,31,-2,14,6,-6,7,-30,0,-12,-3,7,-3,25,3,6,7,-14,8
-26,4,-7,-4,12,-4,31,-2,14,6,-6,7,-30,0,-12,-3,7,-3,25,3,6,7,-14,8
-26,5,-5,-5,17,-6,37,-2,18,8,-4,9,-35,-2,-16,-6,5,-6,26,3,4,8,-18,8
-26,5,-5,-5,17,-6,37,-2,18,8,-4,9,-35,-2,-16,-6,5,-6,26,3,4,8,-18,8
-27,3,-7,-4,12,-4,30,-2,13,7,-7,7,-32,0,-13,-3,6,-3,25,3,6,8,-14,8
-27,2,-7,-5,14,-5,34,-3,16,5,-6,6,-32,-1,-14,-4,6,-4,26,2,6,7,-14,7
-27,2,-7,-5,14,-5,34,-3,16,5,-6,6,-32,-1,-14,-4,6,-4,26,2,6,7,-14,7
-26,2,-6,-4,13,-3,31,-2,14,6,-6,6,-29,-1,-11,-3,9,-3,27,2,8,6,-12,7
-26,2,-6,-4,13,-3,31,-2,14,6,-6,6,-29,-1,-11,-3,9,-3,27,2,8,6,-12,7
-27,3,-8,-3,11,-3,30,-1,12,7,-7,7,-32,0,-14,-3,5,-3,24,3,5,7,-15,8
-27,3,-8,-3,11,-3,30,-1,12,7,-7,7,-32,0,-14,-3,5,-3,24,3,5,7,-15,8
-28,2,-9,-4,10,-4,29,-3,12,6,-8,6,-32,-1,-14,-3,6,-3,25,3,5,8,-15,8
-28,2,-9,-4,10,-4,29,-3,12,6,-8,6,-32,-1,-14,-3,6,-3,25,3,5,8,-15,8
-27,2,-6,-4,14,-4,34,-4,16,5,-5,6,-34,-2,-15,-3,5,-3,26,2,5,6,-16,6
-27,2,-6,-4,14,-4,34,-4,16,5,-5,6,-34,-2,-15,-3,5,-3,26,2,5,6,-16,6
-24,3,-5,-3,14,-3,33,-1,15,6,-5,7,-33,-2,-14,-4,5,-3,24,3,5,7,-16,7
-26,3,-6,-4,13,-4,32,-2,14,6,-6,6,-32,-2,-14,-3,6,-4,25,2,5,7,-15,7
-26,3,-6,-4,13,-4,32,-2,14,6,-6,6,-32,-2,-14,-3,6,-4,25,2,5,7,-15,7
-26,4,-5,-6,17,-7,37,-3,19,7,-4,8,-36,-2,-17,-6,4,-6,25,3,3,8,-19,8
-26,4,-5,-6,17,-7,37,-3,19,7,-4,8,-36,-2,-17,-6,4,-6,25,3,3,8,-19,8
-27,2,-7,-4,12,-4,30,-2,13,6,-7,6,-31,-1,-12,-3,7,-4,26,2,7,7,-13,7
-27,2,-7,-4,12,-4,30,-2,13,6,-7,6,-31,-1,-12,-3,7,-4,26,2,7,7,-13,7
-26,3,-7,-3,12,-3,31,-1,14,7,-6,7,-31,-1,-12,-3,7,-3,25,3,6,7,-14,7
-26,3,-7,-3,12,-3,31,-1,14,7,-6,7,-31,-1,-12,-3,7,-3,25,3,6,7,-14,7
-28,4,-7,-7,15,-8,35,-3,17,7,-6,8,-35,-1,-16,-6,5,-6,26,4,5,9,-18,9
-25,1,-5,-5,14,-5,33,-4,15,5,-5,5,-31,-2,-12,-4,8,-4,27,2,7,7,-14,7
-25,1,-5,-5,14,-5,33,-4,15,5,-5,5,-31,-2,-12,-4,8,-4,27,2,7,7,-14,7
-27,2,-7,-4,12,-4,31,-3,14,6,-7,6,-30,-2,-12,-3,8,-4,27,2,7,7,-13,7
-27,2,-7,-4,12,-4,31,-3,14,6,-7,6,-30,-2,-12,-3,8,-4,27,2,7,7,-13,7
-27,1,-7,-5,13,-5,32,-3,14,6,-6,6,-35,-2,-16,-4,4,-4,24,2,3,7,-17,7
-27,1,-7,-5,13,-5,32,-3,14,6,-6,6,-35,-2,-16,-4,4,-4,24,2,3,7,-17,7
-26,3,-5,-6,16,-7,37,-4,18,6,-4,7,-36,-2,-17,-4,4,-4,25,4,3,9,-18,8
-26,3,-5,-6,16,-7,37,-4,18,6,-4,7,-36,-2,-17,-4,4,-4,25,4,3,9,-18,8
-25,2,-6,-4,14,-4,33,-3,15,5,-5,6,-30,-2,-12,-3,7,-3,26,2,6,6,-14,6
-27,2,-8,-4,11,-4,30,-4,13,5,-7,5,-31,-2,-12,-3,7,-3,26,2,7,6,-14,6
-27,2,-8,-4,11,-4,30,-4,13,5,-7,5,-31,-2,-12,-3,7,-3,26,2,7,6,-14,6
-26,2,-7,-4,12,-4,31,-3,14,6,-6,6,-30,-1,-12,-3,8,-3,27,2,7,7,-13,7
-26,2,-7,-4,12,-4,31,-3,14,6,-6,6,-30,-1,-12,-3,8,-3,27,2,7,7,-13,7
-27,2,-8,-4,12,-4,31,-4,13,6,-7,6,-32,-1,-14,-3,5,-3,24,2,5,7,-15,8
-27,2,-8,-4,12,-4,31,-4,13,6,-7,6,-32,-1,-14,-3,5,-3,24,2,5,7,-15,8
-26,3,-7,-5,12,-4,31,-3,14,6,-6,6,-30,-1,-12,-3,7,-3,26,3,6,8,-14,8
-26,3,-7,-4,12,-5,32,-2,14,6,-6,6,-33,-1,-15,-3,5,-3,24,3,4,8,-16,8
-26,3,-7,-4,12,-5,32,-2,14,6,-6,6,-33,-1,-15,-3,5,-3,24,3,4,8,-16,8
-27,2,-9,-4,10,-4,29,-2,11,6,-8,6,-29,-1,-11,-3,8,-3,27,2,7,7,-12,7
-27,2,-9,-4,10,-4,29,-2,11,6,-8,6,-29,-1,-11,-3,8,-3,27,2,7,7,-12,7
-28,2,-10,-3,8,-2,27,-1,10,6,-9,7,-29,-1,-12,-2,7,-2,25,2,6,7,-13,7
-28,2,-10,-3,8,-2,27,-1,10,6,-9,7,-29,-1,-12,-2,7,-2,25,2,6,7,-13,7
-25,2,-5,-6,16,-6,36,-5,17,4,-4,5,-32,-2,-13,-4,7,-4,26,2,6,7,-15,7
-25,2,-5,-6,16,-6,36,-5,17,4,-4,5,-32,-2,-13,-4,7,-4,26,2,6,7,-15,7
-25,1,-5,-5,15,-5,35,-5,17,4,-4,5,-33,-2,-14,-3,6,-3,26,2,5,7,-15,7
-25,2,-4,-5,17,-6,38,-4,19,5,-3,6,-34,-4,-14,-5,6,-5,26,2,5,7,-16,6
-25,2,-4,-5,17,-6,38,-4,19,5,-3,6,-34,-4,-14,-5,6,-5,26,2,5,7,-16,6
-25,2,-4,-5,17,-6,38,-4,19,5,-3,6,-34,-4,-14,-5,6,-5,26,2,5,7,-16,6
-25,3,-5,-6,16,-6,38,-4,19,6,-3,7,-37,-4,-18,-6,3,-5,24,2,2,6,-19,6
-26,2,-7,-5,13,-5,33,-3,15,5,-6,6,-33,-1,-15,-3,5,-4,25,2,5,7,-16,8
-26,2,-7,-5,13,-5,33,-3,15,5,-6,6,-33,-1,-15,-3,5,-4,25,2,5,7,-16,8
-24,3,-5,-4,14,-4,34,-3,16,6,-4,6,-31,-1,-13,-3,6,-3,25,2,5,6,-14,7
-24,3,-5,-4,14,-4,34,-3,16,6,-4,6,-31,-1,-13,-3,6,-3,25,2,5,6,-14,7
-25,3,-4,-5,17,-6,38,-4,19,5,-3,6,-38,-4,-18,-5,3,-5,23,2,2,7,-20,6
-25,3,-4,-5,17,-6,38,-4,19,5,-3,6,-38,-4,-18,-5,3,-5,23,2,2,7,-20,6
-27,2,-7,-5,13,-5,33,-4,15,5,-6,6,-34,-3,-16,-4,5,-4,25,1,4,6,-17,6
-27,2,-9,-4,10,-4,29,-2,12,6,-8,6,-32,-1,-13,-3,5,-3,24,2,5,6,-15,7
-27,2,-9,-4,10,-4,29,-2,12,6,-8,6,-32,-1,-13,-3,5,-3,24,2,5,6,-15,7
-29,3,-8,-4,12,-4,31,-2,13,6,-7,7,-35,-2,-17,-3,4,-3,24,3,3,7,-18,8
-29,3,-8,-4,12,-4,31,-2,13,6,-7,7,-35,-2,-17,-3,4,-3,24,3,3,7,-18,8
-27,3,-6,-6,15,-6,36,-3,17,7,-5,8,-40,-5,-20,-8,2,-7,23,1,1,6,-22,6
-27,2,-8,-4,12,-5,31,-3,13,5,-7,5,-34,-1,-16,-3,4,-3,23,2,3,7,-17,7
-27,2,-8,-4,12,-5,31,-3,13,5,-7,5,-34,-1,-16,-3,4,-3,23,2,3,7,-17,7
-27,2,-8,-4,12,-5,31,-3,13,5,-7,5,-34,-1,-16,-3,4,-3,23,2,3,7,-17,7
-28,4,-6,-6,15,-6,36,-4,17,6,-5,7,-38,-4,-18,-6,3,-6,24,2,2,6,-20,6
-27,3,-7,-4,13,-5,34,-4,16,5,-6,6,-36,-2,-17,-4,3,-3,24,3,3,7,-18,7
-27,3,-7,-4,13,-5,34,-4,16,5,-6,6,-36,-2,-17,-4,3,-3,24,3,3,7,-18,7
-26,3,-7,-3,12,-3,31,-2,13,6,-6,7,-30,0,-11,-3,7,-3,26,3,7,7,-13,7
-26,3,-7,-3,12,-3,31,-2,13,6,-6,7,-30,0,-11,-3,7,-3,26,3,7,7,-13,7
-28,3,-9,-3,11,-3,30,-1,12,7,-8,7,-32,-1,-13,-3,6,-3,25,2,5,7,-15,7
-27,1,-7,-5,13,-5,34,-5,15,4,-6,5,-35,-1,-16,-2,4,-3,25,2,4,7,-17,8
-27,1,-7,-5,13,-5,34,-5,15,4,-6,5,-35,-1,-16,-2,4,-3,25,2,4,7,-17,8
-27,3,-7,-5,13,-5,33,-3,15,6,-6,7,-34,0,-15,-2,5,-3,25,4,4,8,-16,8
-27,3,-7,-5,13,-5,33,-3,15,6,-6,7,-34,0,-15,-2,5,-3,25,4,4,8,-16,8
-28,4,-9,-4,10,-4,29,-2,12,6,-8,7,-32,-1,-14,-4,5,-4,25,3,5,7,-15,7
-28,4,-9,-4,10,-4,29,-2,12,6,-8,7,-32,-1,-14,-4,5,-4,25,3,5,7,-15,7
-29,3,-8,-5,14,-6,35,-3,15,6,-7,7,-39,-2,-19,-4,2,-4,23,3,1,8,-21,8
-29,3,-8,-5,14,-6,35,-3,15,6,-7,7,-39,-2,-19,-4,2,-4,23,3,1,8,-21,8
-27,3,-6,-6,15,-6,36,-3,17,6,-6,6,-40,-4,-20,-6,1,-5,23,2,0,7,-22,7
-27,3,-6,-6,15,-6,36,-3,17,6,-6,6,-40,-4,-20,-6,1,-5,23,2,0,7,-22,7
-27,4,-7,-4,13,-5,32,-2,14,6,-6,7,-34,-1,-15,-4,5,-4,24,3,4,8,-16,8
-27,4,-8,-3,11,-3,31,-1,13,7,-7,8,-32,-1,-14,-3,5,-3,25,3,5,8,-15,8
-27,4,-8,-3,11,-3,31,-1,13,7,-7,8,-32,-1,-14,-3,5,-3,25,3,5,8,-15,8
-27,0,-7,-13,15,-13,35,-6,17,3,-6,4,-40,-6,-21,-13,1,-12,22,1,0,5,-23,5
-26,4,-7,-3,12,-3,31,-2,13,7,-6,7,-31,0,-13,-3,6,-3,24,2,5,7,-15,8
-26,2,-5,-5,15,-5,35,-4,16,5,-4,6,-35,-2,-16,-4,4,-4,24,3,3,7,-18,7
-26,2,-5,-5,15,-5,35,-4,16,5,-4,6,-35,-2,-16,-4,4,-4,24,3,3,7,-18,7
-26,2,-6,-5,14,-5,34,-4,16,5,-5,6,-34,-1,-15,-3,5,-3,24,4,4,8,-17,8
-26,2,-6,-5,14,-5,34,-4,16,5,-5,6,-34,-1,-15,-3,5,-3,24,4,4,8,-17,8
-28,2,-6,-6,15,-6,36,-4,16,5,-6,5,-36,-5,-17,-6,4,-6,25,1,3,5,-18,5
-28,2,-6,-6,15,-6,36,-4,16,5,-6,5,-36,-5,-17,-6,4,-6,25,1,3,5,-18,5
-28,5,-7,-5,15,-5,35,0,16,9,-6,9,-40,-2,-22,-7,0,-6,22,3,0,8,-23,8
-28,5,-7,-5,15,-5,35,0,16,9,-6,9,-40,-2,-22,-7,0,-6,22,3,0,8,-23,8
-29,4,-8,-6,14,-7,35,-2,16,8,-7,9,-40,-1,-20,-4,2,-3,23,7,1,12,-22,11
-29,4,-7,-5,14,-5,35,-2,16,7,-6,8,-36,-3,-18,-6,3,-6,24,2,2,7,-19,6
-29,4,-7,-5,14,-5,35,-2,16,7,-6,8,-36,-3,-18,-6,3,-6,24,2,2,7,-19,6
-26,3,-7,-3,12,-3,31,-2,13,6,-6,7,-31,-1,-13,-3,6,-3,25,3,5,7,-14,7
-26,3,-7,-3,12,-3,31,-2,13,6,-6,7,-31,-1,-13,-3,6,-3,25,3,5,7,-14,7
-26,2,-6,-5,14,-5,32,-2,15,6,-6,6,-31,-1,-13,-4,7,-4,26,2,7,6,-14,7
-26,2,-6,-5,14,-5,32,-2,15,6,-6,6,-31,-1,-13,-4,7,-4,26,2,7,6,-14,7
-25,2,-4,-5,17,-6,38,-4,18,5,-3,5,-35,-4,-15,-5,5,-4,26,1,5,6,-17,6
-25,2,-4,-5,17,-6,38,-4,18,5,-3,5,-35,-4,-15,-5,5,-4,26,1,5,6,-17,6
-26,1,-6,-5,13,-5,32,-3,14,5,-6,5,-33,-2,-14,-4,6,-4,25,1,5,6,-15,6
-26,3,-6,-5,14,-5,34,-4,17,6,-5,7,-33,-3,-14,-4,7,-4,26,2,6,7,-15,7
-26,3,-6,-5,14,-5,34,-4,17,6,-5,7,-33,-3,-14,-4,7,-4,26,2,6,7,-15,7
-26,2,-4,-6,16,-6,38,-4,18,4,-3,5,-38,-6,-18,-7,3,-6,24,1,2,5,-20,4
-26,2,-4,-6,16,-6,38,-4,18,4,-3,5,-38,-6,-18,-7,3,-6,24,1,2,5,-20,4
-27,2,-7,-4,12,-4,31,-2,13,6,-7,6,-30,-1,-12,-3,8,-3,27,2,7,7,-13,7
-27,2,-7,-4,12,-4,31,-2,13,6,-7,6,-30,-1,-12,-3,8,-3,27,2,7,7,-13,7
-26,2,-5,-6,16,-6,37,-3,18,5,-4,6,-34,-1,-15,-3,5,-4,25,2,4,7,-17,8
-26,3,-7,-3,12,-3,31,-3,14,5,-6,6,-30,-2,-11,-3,8,-3,26,2,7,6,-13,6
-26,3,-7,-3,12,-3,31,-3,14,5,-6,6,-30,-2,-11,-3,8,-3,26,2,7,6,-13,6
-27,1,-7,-5,14,-6,34,-5,15,4,-6,5,-35,-4,-16,-4,4,-4,25,2,4,6,-17,6
-27,1,-7,-5,14,-6,34,-5,15,4,-6,5,-35,-4,-16,-4,4,-4,25,2,4,6,-17,6
-27,2,-7,-5,13,-5,33,-3,15,6,-6,6,-35,-4,-16,-6,4,-6,25,1,3,6,-18,6
-27,2,-7,-5,13,-5,33,-3,15,6,-6,6,-35,-4,-16,-6,4,-6,25,1,3,6,-18,6
-26,3,-7,-4,13,-3,32,-2,15,6,-6,7,-31,-2,-12,-4,7,-4,26,1,7,6,-14,6
-26,3,-7,-4,13,-3,32,-2,15,6,-6,7,-31,-2,-12,-4,7,-4,26,1,7,6,-14,6
-25,2,-6,-3,13,-3,33,-2,15,6,-5,6,-30,-2,-12,-3,7,-3,26,2,6,6,-13,6
-28,3,-9,-4,12,-4,32,-2,13,7,-8,8,-34,-2,-16,-5,4,-5,24,1,4,6,-17,6
-28,3,-9,-4,12,-4,32,-2,13,7,-8,8,-34,-2,-16,-5,4,-5,24,1,4,6,-17,6
-27,3,-6,-5,15,-6,35,-4,16,6,-5,7,-35,-3,-16,-5,4,-5,25,2,3,7,-18,7
-27,3,-6,-5,15,-6,35,-4,16,6,-5,7,-35,-3,-16,-5,4,-5,25,2,3,7,-18,7
-27,2,-7,-4,12,-4,31,-3,13,5,-7,6,-32,-2,-13,-4,6,-4,25,0,6,6,-14,6
-27,2,-7,-4,12,-4,31,-3,13,5,-7,6,-32,-2,-13,-4,6,-4,25,0,6,6,-14,6
-26,3,-6,-5,15,-5,35,-3,17,6,-5,7,-35,-2,-16,-5,5,-5,25,2,4,7,-17,7
-28,3,-7,-6,15,-7,36,-3,17,6,-6,7,-38,-6,-19,-8,3,-8,25,0,2,5,-20,5
-28,3,-7,-6,15,-7,36,-3,17,6,-6,7,-38,-6,-19,-8,3,-8,25,0,2,5,-20,5
-28,3,-7,-6,15,-7,36,-3,17,6,-6,7,-38,-6,-19,-8,3,-8,25,0,2,5,-20,5
-26,2,-6,-5,15,-6,36,-5,17,5,-4,6,-37,-4,-18,-4,3,-4,24,2,2,7,-19,6
-27,2,-6,-5,16,-6,37,-4,18,6,-5,7,-39,-5,-19,-6,3,-6,24,1,2,6,-20,6
-27,2,-6,-5,16,-6,37,-4,18,6,-5,7,-39,-5,-19,-6,3,-6,24,1,2,6,-20,6
-27,2,-8,-4,11,-4,29,-2,12,6,-8,6,-31,-2,-13,-3,7,-3,26,2,6,7,-14,7
-27,2,-8,-4,11,-4,29,-2,12,6,-8,6,-31,-2,-13,-3,7,-3,26,2,6,7,-14,7
-28,3,-7,-5,14,-5,35,-3,16,7,-6,7,-38,-3,-19,-6,2,-6,23,2,2,7,-20,7
-28,3,-7,-5,14,-5,35,-3,16,7,-6,7,-38,-3,-19,-6,2,-6,23,2,2,7,-20,7
-26,3,-6,-5,14,-5,32,-3,15,5,-5,6,-31,1,-13,-2,7,-2,25,4,6,8,-14,8
-27,1,-6,-5,14,-6,34,-5,15,4,-6,5,-33,-2,-14,-3,6,-4,26,1,5,6,-15,7
-27,1,-6,-5,14,-6,34,-5,15,4,-6,5,-33,-2,-14,-3,6,-4,26,1,5,6,-15,7
-29,4,-8,-5,13,-5,33,-2,15,7,-7,8,-35,-2,-16,-6,5,-6,25,2,4,7,-18,7
-29,4,-8,-5,13,-5,33,-2,15,7,-7,8,-35,-2,-16,-6,5,-6,25,2,4,7,-18,7
-27,3,-6,-4,15,-5,36,-3,17,6,-5,6,-38,-4,-18,-5,3,-5,24,1,2,6,-19,5
-27,3,-6,-4,15,-5,36,-3,17,6,-5,6,-38,-4,-18,-5,3,-5,24,1,2,6,-19,5
-27,2,-6,-5,15,-5,35,-4,17,6,-6,6,-38,-5,-18,-6,3,-6,24,1,2,6,-20,6
-26,3,-6,-5,15,-5,36,-4,17,5,-5,6,-36,-1,-17,-3,4,-3,24,4,3,8,-18,8
-26,3,-6,-5,15,-5,36,-4,17,5,-5,6,-36,-1,-17,-3,4,-3,24,4,3,8,-18,8
-29,4,-8,-5,14,-5,35,-1,15,8,-7,8,-39,-3,-19,-6,2,-6,24,3,1,8,-21,8
-29,4,-8,-5,14,-5,35,-1,15,8,-7,8,-39,-3,-19,-6,2,-6,24,3,1,8,-21,8
-28,4,-9,-3,11,-3,30,-2,12,7,-8,7,-32,-1,-13,-3,6,-3,26,2,6,7,-15,7
-28,4,-9,-3,11,-3,30,-2,12,7,-8,7,-32,-1,-13,-3,6,-3,26,2,6,7,-15,7
-28,4,-8,-6,14,-7,34,-2,16,8,-7,9,-37,-2,-19,-6,3,-6,24,3,2,8,-20,8
-27,-1,-7,-16,15,-17,35,-10,18,0,-5,2,-34,3,-16,-4,7,-4,26,7,6,12,-17,12
-27,-1,-7,-16,15,-17,35,-10,18,0,-5,2,-34,3,-16,-4,7,-4,26,7,6,12,-17,12
-28,3,-7,-5,14,-5,35,-3,16,7,-6,7,-39,-1,-19,-3,2,-3,23,4,1,9,-21,9
-28,3,-7,-5,14,-5,35,-3,16,7,-6,7,-39,-1,-19,-3,2,-3,23,4,1,9,-21,9
-28,5,-7,-7,14,-8,34,-3,16,8,-6,9,-35,2,-16,-3,5,-2,26,7,4,12,-18,12
-35,5,-15,-7,5,-8,24,-2,8,7,-14,7,-41,2,-22,-4,-1,-4,19,6,-2,10,-23,10
-33,7,-14,-1,6,-2,24,2,7,9,-13,10,-38,0,-18,-4,2,-4,20,4,1,9,-19,9
-33,7,-14,-1,6,-2,24,2,7,9,-13,10,-38,0,-18,-4,2,-4,20,4,1,9,-19,9
-36,6,-15,-3,5,-3,23,1,7,9,-14,9,-40,2,-20,-2,0,-3,19,6,0,10,-21,10
-36,6,-15,-3,5,-3,23,1,7,9,-14,9,-40,2,-20,-2,0,-3,19,6,0,10,-21,10
-38,2,-16,-12,6,-13,24,-5,8,5,-15,6,-44,-1,-24,-8,-2,-8,18,5,-3,9,-26,9
-38,2,-16,-12,6,-13,24,-5,8,5,-15,6,-44,-1,-24,-8,-2,-8,18,5,-3,9,-26,9
-36,2,-15,-12,6,-13,25,-6,9,4,-14,5,-45,-2,-25,-8,-3,-7,17,6,-4,9,-27,9
-36,2,-15,-12,6,-13,25,-6,9,4,-14,5,-45,-2,-25,-8,-3,-7,17,6,-4,9,-27,9
-36,5,-15,-3,6,-4,24,-1,7,9,-14,9,-40,1,-21,-2,0,-3,20,5,0,10,-22,11
-36,5,-15,-3,6,-4,24,-1,7,9,-14,9,-40,1,-21,-2,0,-3,20,5,0,10,-22,11
-35,6,-15,-6,6,-8,24,-3,8,7,-13,8,-40,1,-21,-4,0,-4,19,5,-1,10,-22,10
-36,7,-15,-4,5,-5,24,0,8,9,-14,10,-40,1,-20,-5,1,-5,20,6,0,9,-22,9
-36,7,-15,-4,5,-5,24,0,8,9,-14,10,-40,1,-20,-5,1,-5,20,6,0,9,-22,9
-37,1,-16,-13,6,-14,25,-7,8,4,-14,4,-42,1,-23,-6,-2,-6,18,6,-2,10,-25,10
-37,1,-16,-13,6,-14,25,-7,8,4,-14,4,-42,1,-23,-6,-2,-6,18,6,-2,10,-25,10
-36,5,-16,-5,4,-6,23,-1,7,8,-15,8,-39,1,-21,-5,0,-5,19,4,0,8,-21,9
-36,5,-16,-5,4,-6,23,-1,7,8,-15,8,-39,1,-21,-5,0,-5,19,4,0,8,-21,9
-36,1,-15,-13,7,-15,26,-7,9,4,-13,4,-43,-1,-24,-8,-2,-8,18,5,-3,9,-25,9
-36,1,-15,-13,7,-15,26,-7,9,4,-13,4,-43,-1,-24,-8,-2,-8,18,5,-3,9,-25,9
-37,6,-16,-5,4,-6,23,-1,6,8,-15,9,-40,2,-20,-3,0,-3,20,7,0,11,-21,11
-35,3,-14,-12,8,-14,27,-7,11,4,-12,5,-42,-1,-23,-8,-2,-7,18,6,-3,9,-25,9
-35,3,-14,-12,8,-14,27,-7,11,4,-12,5,-42,-1,-23,-8,-2,-7,18,6,-3,9,-25,9
-36,2,-15,-11,6,-12,25,-6,9,4,-13,5,-40,3,-20,-3,2,-4,21,7,1,12,-21,12
-36,2,-15,-11,6,-12,25,-6,9,4,-13,5,-40,3,-20,-3,2,-4,21,7,1,12,-21,12
-32,7,-13,-2,7,-2,25,2,9,10,-11,10,-39,-1,-20,-4,0,-4,19,4,-1,8,-21,8
-32,7,-13,-2,7,-2,25,2,9,10,-11,10,-39,-1,-20,-4,0,-4,19,4,-1,8,-21,8
-37,1,-16,-12,6,-14,25,-7,8,3,-14,4,-40,2,-21,-5,0,-5,20,7,0,11,-22,11
-36,2,-15,-11,6,-12,25,-6,9,4,-13,5,-40,2,-21,-4,0,-4,20,7,0,11,-22,11
-36,2,-15,-11,6,-12,25,-6,9,4,-13,5,-40,2,-21,-4,0,-4,20,7,0,11,-22,11
-33,7,-13,-2,7,-2,25,1,9,10,-11,11,-40,2,-20,-2,1,-2,20,6,0,10,-21,11
-33,7,-13,-2,7,-2,25,1,9,10,-11,11,-40,2,-20,-2,1,-2,20,6,0,10,-21,11
-33,7,-13,-5,9,-5,28,1,11,10,-11,11,-41,-1,-21,-7,1,-6,21,6,0,10,-23,9
-33,7,-13,-5,9,-5,28,1,11,10,-11,11,-41,-1,-21,-7,1,-6,21,6,0,10,-23,9
-32,1,-12,-13,10,-15,29,-8,13,3,-10,4,-42,-2,-23,-9,-1,-8,20,6,-2,9,-25,9
-32,1,-12,-13,10,-15,29,-8,13,3,-10,4,-42,-2,-23,-9,-1,-8,20,6,-2,9,-25,9
-32,7,-12,-4,9,-5,28,0,11,9,-10,10,-39,0,-20,-4,1,-3,21,7,0,11,-22,10
-32,6,-12,-6,10,-7,29,-1,12,8,-10,9,-40,1,-21,-4,1,-4,21,7,0,11,-22,11
-32,6,-12,-6,10,-7,29,-1,12,8,-10,9,-40,1,-21,-4,1,-4,21,7,0,11,-22,11
-32,7,-12,-1,9,-1,27,2,10,11,-10,11,-40,0,-20,-2,1,-2,20,6,0,10,-21,10
-32,7,-12,-1,9,-1,27,2,10,11,-10,11,-40,0,-20,-2,1,-2,20,6,0,10,-21,10
-32,7,-13,-2,7,-3,24,1,8,9,-11,10,-34,1,-15,-4,5,-4,24,5,5,9,-16,9
-32,7,-13,-2,7,-3,24,1,8,9,-11,10,-34,1,-15,-4,5,-4,24,5,5,9,-16,9
-31,7,-10,-3,11,-3,29,1,13,10,-9,11,-39,1,-20,-3,2,-2,22,7,1,11,-21,11
-31,7,-10,-3,11,-3,29,1,13,10,-9,11,-39,1,-20,-3,2,-2,22,7,1,11,-21,11
-32,7,-12,-2,7,-2,25,2,9,10,-11,11,-38,1,-19,-3,2,-4,21,5,1,10,-20,10
-33,7,-13,-3,8,-4,27,1,10,10,-11,10,-38,1,-19,-3,2,-3,22,6,2,10,-20,10
-33,7,-13,-3,8,-4,27,1,10,10,-11,10,-38,1,-19,-3,2,-3,22,6,2,10,-20,10
-32,8,-12,-2,9,-3,27,2,11,11,-10,11,-37,1,-19,-4,2,-3,22,5,2,10,-19,10
-32,8,-12,-2,9,-3,27,2,11,11,-10,11,-37,1,-19,-4,2,-3,22,5,2,10,-19,10
-31,8,-10,-3,10,-4,29,1,13,11,-9,11,-38,2,-19,-4,2,-3,22,7,2,11,-20,11
-31,8,-10,-3,10,-4,29,1,13,11,-9,11,-38,2,-19,-4,2,-3,22,7,2,11,-20,11
-32,8,-12,-2,9,-3,28,2,11,11,-10,11,-39,1,-20,-4,1,-3,21,6,0,10,-21,10
-32,8,-12,-2,9,-3,28,2,11,11,-10,11,-39,1,-20,-4,1,-3,21,6,0,10,-21,10
-31,6,-11,-4,10,-5,29,-1,12,9,-10,9,-41,1,-22,-3,-1,-3,19,6,-1,10,-23,10
-31,6,-11,-7,10,-8,29,-2,13,7,-9,9,-37,2,-18,-4,3,-3,22,7,3,11,-19,11
-31,6,-11,-7,10,-8,29,-2,13,7,-9,9,-37,2,-18,-4,3,-3,22,7,3,11,-19,11
-31,8,-11,-2,8,-3,26,1,10,10,-10,10,-35,1,-17,-4,4,-4,22,5,3,9,-18,9
-31,8,-11,-2,8,-3,26,1,10,10,-10,10,-35,1,-17,-4,4,-4,22,5,3,9,-18,9
-31,7,-12,-1,8,-1,25,3,9,10,-11,10,-35,1,-16,-3,4,-3,22,5,3,9,-17,9
-31,7,-12,-1,8,-1,25,3,9,10,-11,10,-35,1,-16,-3,4,-3,22,5,3,9,-17,9
-32,8,-11,-1,9,-1,27,3,10,11,-10,11,-38,1,-19,-3,2,-3,21,6,1,10,-20,10
-32,8,-11,-1,9,-1,27,3,10,11,-10,11,-38,1,-19,-3,2,-3,21,6,1,10,-20,10
-31,8,-11,-3,10,-4,28,1,12,11,-9,11,-39,-2,-20,-8,1,-6,21,5,0,8,-21,8
-30,8,-10,-4,11,-5,31,1,13,10,-8,11,-42,-1,-23,-5,-2,-4,19,6,-2,10,-24,9
-30,8,-10,-4,11,-5,31,1,13,10,-8,11,-42,-1,-23,-5,-2,-4,19,6,-2,10,-24,9
-30,8,-11,-4,10,-5,29,1,12,10,-9,11,-36,1,-17,-4,4,-3,23,7,3,11,-19,10
-30,8,-11,-4,10,-5,29,1,12,10,-9,11,-36,1,-17,-4,4,-3,23,7,3,11,-19,10
-33,7,-13,-2,8,-2,26,2,9,11,-11,11,-36,0,-17,-4,3,-4,22,5,3,9,-19,9
-33,7,-13,-2,8,-2,26,2,9,11,-11,11,-36,0,-17,-4,3,-4,22,5,3,9,-19,9
-32,3,-12,-12,10,-14,29,-6,13,4,-9,6,-40,0,-21,-8,1,-7,20,7,0,11,-23,10
-32,3,-12,-12,10,-14,29,-6,13,4,-9,6,-40,0,-21,-8,1,-7,20,7,0,11,-23,10
-33,5,-13,-7,9,-8,28,-2,11,8,-11,9,-43,2,-24,-3,-2,-3,18,7,-3,12,-25,12
-31,8,-11,-1,8,-2,26,2,10,10,-10,11,-36,1,-17,-3,3,-3,22,6,3,9,-18,10
-31,8,-11,-1,8,-2,26,2,10,10,-10,11,-36,1,-17,-3,3,-3,22,6,3,9,-18,10
-31,8,-11,-1,8,-2,26,2,10,10,-10,11,-36,1,-17,-3,3,-3,22,6,3,9,-18,10
-33,7,-13,-1,7,-1,25,2,8,10,-12,10,-39,1,-19,-3,2,-3,20,6,1,10,-20,10
-36,5,-16,-7,5,-7,24,-1,7,8,-14,9,-43,-2,-24,-6,-2,-5,18,5,-3,9,-25,9
-36,5,-16,-7,5,-7,24,-1,7,8,-14,9,-43,-2,-24,-6,-2,-5,18,5,-3,9,-25,9
-35,1,-15,-12,7,-14,25,-7,9,4,-13,4,-41,2,-22,-5,0,-5,19,7,-1,11,-23,11
-34,6,-13,-7,8,-8,28,-3,11,7,-11,8,-40,2,-21,-3,0,-3,20,7,0,11,-22,11
-34,6,-13,-7,8,-8,28,-3,11,7,-11,8,-40,2,-21,-3,0,-3,20,7,0,11,-22,11
-33,2,-12,-12,10,-14,29,-7,12,3,-10,5,-44,-2,-24,-8,-2,-6,18,6,-3,10,-26,9
-33,2,-12,-12,10,-14,29,-7,12,3,-10,5,-44,-2,-24,-8,-2,-6,18,6,-3,10,-26,9
-36,5,-16,-6,5,-7,24,-1,7,8,-14,8,-41,2,-22,-4,-1,-3,19,6,-1,10,-23,11
-36,5,-16,-6,5,-7,24,-1,7,8,-14,8,-41,2,-22,-4,-1,-3,19,6,-1,10,-23,11
-33,1,-13,-12,9,-14,27,-7,12,4,-10,5,-43,-3,-23,-9,-1,-8,19,5,-2,9,-25,8
-34,6,-14,-3,7,-4,25,0,9,9,-12,10,-40,1,-21,-3,0,-4,20,5,0,10,-22,10
-34,6,-14,-3,7,-4,25,0,9,9,-12,10,-40,1,-21,-3,0,-4,20,5,0,10,-22,10
-33,7,-13,-2,6,-2,24,2,8,10,-12,10,-36,1,-17,-3,3,-3,22,5,3,9,-18,10
-33,7,-13,-2,6,-2,24,2,8,10,-12,10,-36,1,-17,-3,3,-3,22,5,3,9,-18,10
-35,1,-14,-12,8,-13,27,-6,10,4,-12,4,-46,-1,-26,-7,-3,-6,18,6,-4,10,-27,9
-35,1,-14,-12,8,-13,27,-6,10,4,-12,4,-46,-1,-26,-7,-3,-6,18,6,-4,10,-27,9
-33,7,-13,-1,6,-1,24,2,8,10,-12,10,-39,0,-19,-3,1,-3,20,5,1,9,-20,9
-34,6,-13,-7,8,-8,27,0,10,9,-12,10,-42,-2,-22,-9,0,-8,20,5,-1,9,-24,9
-34,6,-13,-7,8,-8,27,0,10,9,-12,10,-42,-2,-22,-9,0,-8,20,5,-1,9,-24,9
-34,6,-13,-7,8,-8,27,0,10,9,-12,10,-42,-2,-22,-9,0,-8,20,5,-1,9,-24,9
-33,7,-13,-5,7,-7,26,-1,10,9,-12,10,-39,2,-20,-4,1,-4,21,7,1,11,-21,11
-32,7,-12,-3,8,-4,27,1,10,10,-11,11,-39,2,-20,-3,0,-3,20,7,0,11,-21,11
-32,7,-12,-3,8,-4,27,1,10,10,-11,11,-39,2,-20,-3,0,-3,20,7,0,11,-21,11
-31,2,-11,-13,11,-15,30,-7,13,4,-9,5,-42,-1,-22,-8,0,-6,20,7,-2,11,-24,10
-31,2,-11,-13,11,-15,30,-7,13,4,-9,5,-42,-1,-22,-8,0,-6,20,7,-2,11,-24,10
-31,7,-11,-5,11,-6,31,-2,13,8,-8,10,-42,-1,-22,-5,-1,-4,19,6,-2,10,-24,10
-34,3,-13,-13,9,-14,28,-6,12,5,-11,6,-40,-1,-21,-8,1,-7,21,7,0,11,-23,10
-34,3,-13,-13,9,-14,28,-6,12,5,-11,6,-40,-1,-21,-8,1,-7,21,7,0,11,-23,10
-34,3,-13,-13,9,-14,28,-6,12,5,-11,6,-40,-1,-21,-8,1,-7,21,7,0,11,-23,10
-33,3,-13,-12,9,-14,28,-7,12,4,-11,6,-40,0,-20,-7,2,-6,22,8,1,12,-22,11
-33,7,-13,-4,8,-5,27,0,10,9,-11,10,-38,2,-19,-4,2,-3,22,6,1,10,-20,10
-33,7,-13,-4,8,-5,27,0,10,9,-11,10,-38,2,-19,-4,2,-3,22,6,1,10,-20,10
-32,6,-13,-6,9,-7,27,-1,11,9,-11,10,-41,-1,-22,-6,0,-5,20,6,-1,10,-24,9
-32,6,-13,-6,9,-7,27,-1,11,9,-11,10,-41,-1,-22,-6,0,-5,20,6,-1,10,-24,9
-32,6,-12,-2,8,-3,26,0,10,9,-10,10,-35,1,-16,-3,4,-4,23,5,4,9,-17,9
-32,6,-12,-2,8,-3,26,0,10,9,-10,10,-35,1,-16,-3,4,-4,23,5,4,9,-17,9
-33,6,-13,-3,8,-3,26,0,10,10,-12,10,-38,1,-18,-3,3,-3,22,5,2,10,-19,10
-32,7,-13,-1,6,-1,23,3,7,10,-12,10,-35,1,-16,-3,3,-4,22,5,3,9,-18,9
-32,7,-13,-1,6,-1,23,3,7,10,-12,10,-35,1,-16,-3,3,-4,22,5,3,9,-18,9
-32,6,-11,-3,9,-4,28,0,11,9,-10,10,-41,0,-21,-3,0,-2,20,6,-1,10,-22,10
-32,6,-11,-3,9,-4,28,0,11,9,-10,10,-41,0,-21,-3,0,-2,20,6,-1,10,-22,10
-31,8,-11,-3,10,-4,29,0,12,10,-9,11,-38,2,-18,-3,3,-3,22,7,3,11,-19,11
-33,5,-13,-3,7,-2,25,2,8,10,-12,9,-38,2,-19,-2,2,-2,22,6,1,10,-20,11
-33,5,-13,-3,7,-2,25,2,8,10,-12,9,-38,2,-19,-2,2,-2,22,6,1,10,-20,11
-33,5,-13,-3,7,-2,25,2,8,10,-12,9,-38,2,-19,-2,2,-2,22,6,1,10,-20,11
-32,6,-12,-1,9,-2,28,2,11,11,-11,11,-38,-1,-19,-3,2,-3,22,4,2,9,-20,9
-32,6,-13,-2,6,-2,24,2,8,9,-12,9,-33,1,-14,-3,6,-3,24,5,5,8,-15,8
-32,6,-13,-2,6,-2,24,2,8,9,-12,9,-33,1,-14,-3,6,-3,24,5,5,8,-15,8
-32,6,-12,-2,7,-2,26,1,9,10,-11,10,-40,0,-20,-3,1,-3,20,6,0,10,-21,10
-32,6,-12,-2,7,-2,26,1,9,10,-11,10,-40,0,-20,-3,1,-3,20,6,0,10,-21,10
-33,8,-12,-1,8,-2,27,1,10,11,-11,11,-37,1,-18,-3,3,-3,23,5,3,10,-19,10
-33,8,-12,-1,8,-2,27,1,10,11,-11,11,-37,1,-18,-3,3,-3,23,5,3,10,-19,10
-32,7,-12,-2,9,-3,27,1,11,10,-10,11,-38,0,-18,-3,2,-3,22,5,2,9,-20,9
-32,7,-12,-2,9,-3,27,1,11,10,-10,11,-38,0,-18,-3,2,-3,22,5,2,9,-20,9
-32,8,-13,-1,7,-1,25,2,8,10,-11,10,-37,1,-18,-3,2,-3,21,5,1,9,-19,9
-34,7,-14,-3,7,-4,26,1,9,10,-12,10,-39,2,-21,-4,0,-3,20,7,0,10,-22,10
-34,7,-14,-3,7,-4,26,1,9,10,-12,10,-39,2,-21,-4,0,-3,20,7,0,10,-22,10
-35,6,-15,-3,5,-4,24,0,7,8,-14,9,-41,1,-21,-4,-1,-4,18,6,-2,9,-23,9
-35,6,-15,-3,5,-4,24,0,7,8,-14,9,-41,1,-21,-4,-1,-4,18,6,-2,9,-23,9
-33,7,-13,-2,7,-2,25,1,8,9,-12,10,-42,0,-23,-3,-2,-3,18,5,-3,9,-24,9
-33,7,-13,-2,7,-2,25,1,8,9,-12,10,-42,0,-23,-3,-2,-3,18,5,-3,9,-24,9
-33,6,-13,-2,6,-3,24,1,7,9,-12,10,-39,1,-19,-3,1,-4,19,5,0,9,-20,9
-33,8,-13,-2,6,-2,24,2,8,9,-12,10,-37,0,-18,-4,2,-4,20,5,1,9,-19,9
-33,8,-13,-2,6,-2,24,2,8,9,-12,10,-37,0,-18,-4,2,-4,20,5,1,9,-19,9
-35,7,-14,-3,6,-4,24,0,8,9,-13,10,-40,1,-21,-4,0,-3,19,6,-1,9,-22,9
-35,7,-14,-3,6,-4,24,0,8,9,-13,10,-40,1,-21,-4,0,-3,19,6,-1,9,-22,9
-33,8,-13,-2,6,-2,24,2,8,10,-12,10,-36,1,-17,-4,3,-4,21,5,2,9,-19,9
-34,2,-14,-11,7,-12,26,-7,10,4,-12,5,-40,1,-21,-5,0,-5,19,6,-1,10,-22,10
-34,2,-14,-11,7,-12,26,-7,10,4,-12,5,-40,1,-21,-5,0,-5,19,6,-1,10,-22,10
-34,2,-14,-11,7,-12,26,-7,10,4,-12,5,-40,1,-21,-5,0,-5,19,6,-1,10,-22,10
-34,7,-13,-3,7,-4,25,-1,8,8,-12,9,-36,1,-17,-3,3,-4,22,5,3,9,-18,9
-35,6,-14,-5,7,-7,26,-2,9,8,-12,9,-39,1,-19,-4,1,-4,21,6,1,10,-20,10
-35,6,-14,-5,7,-7,26,-2,9,8,-12,9,-39,1,-19,-4,1,-4,21,6,1,10,-20,10
-34,6,-14,-5,7,-7,25,0,9,9,-12,10,-38,2,-19,-4,2,-4,22,6,2,11,-20,11
-34,6,-14,-5,7,-7,25,0,9,9,-12,10,-38,2,-19,-4,2,-4,22,6,2,11,-20,11
-34,6,-14,-3,6,-3,24,1,8,9,-13,9,-37,1,-18,-4,3,-4,21,5,2,9,-19,9
-34,6,-14,-3,6,-3,24,1,8,9,-13,9,-37,1,-18,-4,3,-4,21,5,2,9,-19,9
-33,7,-13,-4,7,-4,25,1,9,10,-12,10,-37,2,-19,-4,2,-4,21,5,2,9,-19,9
-33,7,-13,-4,7,-4,25,1,9,10,-12,10,-37,2,-19,-4,2,-4,21,5,2,9,-19,9
-33,6,-13,-5,7,-6,26,-1,10,9,-11,10,-41,2,-22,-3,-1,-3,18,7,-2,11,-23,11
-35,7,-15,-6,6,-8,25,-1,9,9,-13,10,-40,2,-21,-4,1,-4,20,7,-1,12,-22,11
-35,7,-15,-6,6,-8,25,-1,9,9,-13,10,-40,2,-21,-4,1,-4,20,7,-1,12,-22,11
-32,7,-13,-4,7,-5,26,0,10,9,-11,10,-39,2,-19,-4,2,-3,21,7,1,10,-21,10
-32,7,-13,-4,7,-5,26,0,10,9,-11,10,-39,2,-19,-4,2,-3,21,7,1,10,-21,10
-33,6,-12,-2,8,-2,27,1,10,10,-11,11,-38,0,-18,-3,3,-3,24,5,3,10,-19,10
-33,6,-12,-2,8,-2,27,1,10,10,-11,11,-38,0,-18,-3,3,-3,24,5,3,10,-19,10
-31,5,-11,-3,8,-2,27,2,9,9,-10,8,-35,0,-16,-4,4,-4,23,3,4,8,-17,8
-31,5,-11,-3,8,-2,27,2,9,9,-10,8,-35,0,-16,-4,4,-4,23,3,4,8,-17,8
-29,7,-10,-4,10,-4,29,1,13,10,-8,10,-38,1,-19,-4,2,-4,22,7,1,11,-20,10
-34,1,-14,-13,8,-14,27,-6,11,4,-12,5,-40,0,-20,-7,2,-7,22,7,1,11,-22,10
-34,1,-14,-13,8,-14,27,-6,11,4,-12,5,-40,0,-20,-7,2,-7,22,7,1,11,-22,10
-33,2,-13,-12,9,-14,28,-6,12,4,-11,6,-41,-1,-21,-7,2,-6,22,6,0,11,-22,10
-33,2,-13,-12,9,-14,28,-6,12,4,-11,6,-41,-1,-21,-7,2,-6,22,6,0,11,-22,10
-31,4,-12,-11,9,-13,28,-5,12,5,-10,6,-38,0,-19,-7,3,-6,22,7,2,11,-20,10
-31,4,-12,-11,9,-13,28,-5,12,5,-10,6,-38,0,-19,-7,3,-6,22,7,2,11,-20,10
-31,7,-11,-3,8,-4,27,0,10,9,-10,10,-37,2,-18,-3,2,-3,22,6,2,10,-19,10
-32,2,-12,-13,10,-14,28,-6,12,4,-10,5,-38,-1,-19,-8,3,-8,22,6,2,11,-21,10
-32,2,-12,-13,10,-14,28,-6,12,4,-10,5,-38,-1,-19,-8,3,-8,22,6,2,11,-21,10
-30,8,-11,-1,10,-2,29,2,12,11,-9,11,-38,1,-18,-3,2,-2,22,7,2,11,-20,10
-30,8,-11,-1,10,-2,29,2,12,11,-9,11,-38,1,-18,-3,2,-2,22,7,2,11,-20,10
-31,6,-12,-2,8,-3,25,2,9,10,-11,10,-34,1,-15,-3,5,-4,24,5,5,9,-16,10
-31,6,-12,-2,8,-3,25,2,9,10,-11,10,-34,1,-15,-3,5,-4,24,5,5,9,-16,10
-30,7,-11,-4,9,-5,28,0,12,9,-9,10,-36,3,-17,-3,4,-3,23,7,3,11,-18,12
-22,6,-3,-2,18,-2,37,2,19,9,-2,10,-27,3,-9,-1,11,-1,32,7,11,11,-10,11
-21,5,-1,-3,19,-3,39,1,21,8,0,9,-26,3,-9,-2,12,-1,33,7,11,11,-10,11
-21,5,-1,-3,19,-3,39,1,21,8,0,9,-26,3,-9,-2,12,-1,33,7,11,11,-10,11
-22,6,-3,-3,16,-3,35,1,18,8,-2,9,-25,3,-7,-2,13,-1,32,7,12,10,-8,10
-22,6,-3,-3,16,-3,35,1,18,8,-2,9,-25,3,-7,-2,13,-1,32,7,12,10,-8,10
-22,5,-4,-5,17,-5,37,0,19,8,-2,9,-25,2,-8,-4,12,-3,33,7,11,11,-10,11
-21,6,-1,-3,19,-3,38,1,20,9,0,10,-28,4,-10,-2,11,-1,31,8,10,12,-11,12
-21,6,-1,-3,19,-3,38,1,20,9,0,10,-28,4,-10,-2,11,-1,31,8,10,12,-11,12
-21,6,-1,-3,19,-3,38,1,20,9,0,10,-28,4,-10,-2,11,-1,31,8,10,12,-11,12
-24,5,-4,-7,18,-7,38,0,20,10,-3,10,-28,-1,-9,-8,14,-7,36,6,13,11,-10,10
-21,6,-2,-3,18,-3,38,1,19,9,-1,10,-27,3,-9,-2,11,-1,32,8,10,12,-10,11
-21,6,-2,-3,18,-3,38,1,19,9,-1,10,-27,3,-9,-2,11,-1,32,8,10,12,-10,11
-21,5,-2,-3,18,-3,37,0,19,8,-1,8,-26,2,-8,-1,13,0,33,8,12,11,-9,11
-21,5,-2,-3,18,-3,37,0,19,8,-1,8,-26,2,-8,-1,13,0,33,8,12,11,-9,11
-22,5,-4,-6,18,-6,37,-1,19,8,-2,9,-26,3,-9,-3,12,-2,33,8,12,12,-10,12
-22,5,-4,-6,18,-6,37,-1,19,8,-2,9,-26,3,-9,-3,12,-2,33,8,12,12,-10,12
-24,-1,-5,-15,18,-15,37,-7,20,3,-3,3,-27,0,-8,-8,14,-6,36,6,13,11,-10,10
-24,-1,-5,-15,18,-15,37,-7,20,3,-3,3,-27,0,-8,-8,14,-6,36,6,13,11,-10,10
-19,2,0,-5,20,-5,40,-2,21,6,0,6,-21,3,-3,-1,17,-1,38,7,17,11,-4,12
-17,1,2,-12,23,-12,43,-6,25,2,3,3,-22,0,-4,-6,17,-5,39,6,16,9,-5,9
-17,1,2,-12,23,-12,43,-6,25,2,3,3,-22,0,-4,-6,17,-5,39,6,16,9,-5,9
-18,6,1,-5,22,-5,43,-1,25,8,2,9,-21,-1,-3,-6,18,-5,39,5,17,9,-5,8
-18,6,1,-5,22,-5,43,-1,25,8,2,9,-21,-1,-3,-6,18,-5,39,5,17,9,-5,8
-17,5,0,-8,21,-8,41,-3,23,6,2,7,-21,2,-4,-5,17,-3,38,8,16,11,-5,11
-17,5,0,-8,21,-8,41,-3,23,6,2,7,-21,2,-4,-5,17,-3,38,8,16,11,-5,11
-17,4,2,-7,23,-8,43,-3,25,5,3,6,-20,0,-3,-6,18,-5,39,6,17,8,-4,8
-17,4,2,-7,23,-8,43,-3,25,5,3,6,-20,0,-3,-6,18,-5,39,6,17,8,-4,8
-17,4,2,-7,24,-7,44,-3,25,5,4,6,-22,3,-5,-3,16,-2,37,7,15,10,-6,11
-17,4,2,-10,24,-10,44,-3,26,6,3,6,-21,2,-3,-5,19,-5,40,8,18,11,-5,11
-17,4,2,-10,24,-10,44,-3,26,6,3,6,-21,2,-3,-5,19,-5,40,8,18,11,-5,11
-15,2,4,-11,26,-12,46,-6,28,3,6,4,-21,0,-4,-7,18,-6,39,6,16,9,-5,9
-15,2,4,-11,26,-12,46,-6,28,3,6,4,-21,0,-4,-7,18,-6,39,6,16,9,-5,9
-18,2,1,-12,23,-13,43,-7,26,2,3,4,-23,0,-5,-7,16,-6,37,6,15,9,-7,9
-18,2,1,-12,23,-13,43,-7,26,2,3,4,-23,0,-5,-7,16,-6,37,6,15,9,-7,9
-17,4,1,-8,23,-9,43,-3,25,6,3,7,-20,1,-2,-6,19,-5,40,6,17,10,-4,9
-17,4,1,-8,23,-9,43,-3,25,6,3,7,-20,1,-2,-6,19,-5,40,6,17,10,-4,9
-17,1,1,-14,24,-15,44,-8,26,1,3,3,-22,1,-5,-7,17,-6,38,7,16,10,-6,10
-18,1,2,-13,24,-14,44,-7,26,3,3,4,-25,-3,-6,-10,16,-8,38,5,15,9,-8,8
-18,1,2,-13,24,-14,44,-7,26,3,3,4,-25,-3,-6,-10,16,-8,38,5,15,9,-8,8
-17,3,1,-10,23,-11,43,-5,25,4,3,5,-21,0,-3,-6,18,-5,40,6,17,10,-5,10
-17,3,1,-10,23,-11,43,-5,25,4,3,5,-21,0,-3,-6,18,-5,40,6,17,10,-5,10
-16,1,3,-13,25,-14,45,-7,27,3,4,4,-23,0,-6,-7,16,-6,37,6,15,10,-7,10
-16,1,3,-13,25,-14,45,-7,27,3,4,4,-23,0,-6,-7,16,-6,37,6,15,10,-7,10
-18,4,1,-8,22,-8,41,-2,23,6,2,6,-21,-2,-3,-8,18,-6,38,6,16,8,-5,8
-18,4,1,-8,22,-8,41,-2,23,6,2,6,-21,-2,-3,-8,18,-6,38,6,16,8,-5,8
-18,4,1,-8,22,-8,42,-2,24,6,2,7,-20,0,-2,-6,19,-5,40,6,18,9,-4,9
-17,4,1,-10,23,-11,43,-5,25,5,3,6,-21,0,-4,-6,18,-5,38,6,16,9,-5,9
-17,4,1,-10,23,-11,43,-5,25,5,3,6,-21,0,-4,-6,18,-5,38,6,16,9,-5,9
-17,4,2,-8,23,-8,43,-4,25,5,3,6,-22,2,-4,-4,16,-3,38,7,16,10,-5,10
-17,4,2,-8,23,-8,43,-4,25,5,3,6,-22,2,-4,-4,16,-3,38,7,16,10,-5,10
-17,4,2,-8,23,-8,43,-4,25,5,3,6,-22,2,-4,-4,16,-3,38,7,16,10,-5,10
-20,-1,-1,-14,21,-14,39,-8,22,2,0,3,-24,0,-6,-7,15,-5,36,6,14,10,-8,10
-23,4,-5,-6,15,-6,34,-1,16,7,-4,7,-26,2,-9,-3,12,-3,32,6,11,10,-10,10
-24,6,-4,-2,16,-2,35,1,17,10,-4,10,-27,1,-9,-3,11,-2,31,6,10,10,-10,10
-24,6,-4,-2,16,-2,35,1,17,10,-4,10,-27,1,-9,-3,11,-2,31,6,10,10,-10,10
-24,6,-4,-2,16,-2,35,1,17,10,-4,10,-27,1,-9,-3,11,-2,31,6,10,10,-10,10
-23,5,-6,-4,14,-4,34,0,16,8,-4,9,-28,1,-10,-4,10,-3,30,5,9,9,-11,9
-25,5,-6,-3,14,-3,32,1,15,9,-5,9,-26,1,-9,-3,11,-3,31,6,10,10,-10,10
-25,5,-6,-3,14,-3,32,1,15,9,-5,9,-26,1,-9,-3,11,-3,31,6,10,10,-10,10
-23,5,-5,-4,15,-4,34,0,16,7,-4,8,-26,1,-9,-4,12,-4,31,5,11,8,-10,8
-23,5,-5,-4,15,-4,34,0,16,7,-4,8,-26,1,-9,-4,12,-4,31,5,11,8,-10,8
-24,6,-5,-5,16,-5,36,0,18,9,-4,10,-28,1,-10,-4,11,-3,31,7,10,11,-12,11
-24,6,-5,-3,15,-3,34,0,17,8,-3,9,-26,2,-8,-2,13,-1,33,7,12,11,-9,11
-24,6,-5,-3,15,-3,34,0,17,8,-3,9,-26,2,-8,-2,13,-1,33,7,12,11,-9,11
-24,6,-5,-3,15,-3,34,0,17,8,-3,9,-26,2,-8,-2,13,-1,33,7,12,11,-9,11
-25,7,-6,-6,16,-6,34,0,18,10,-5,11,-28,1,-9,-6,13,-5,33,7,12,12,-11,11
-24,6,-5,-3,16,-3,34,1,17,9,-4,9,-27,3,-9,-2,12,-1,32,8,11,11,-10,11
-24,6,-5,-3,16,-3,34,1,17,9,-4,9,-27,3,-9,-2,12,-1,32,8,11,11,-10,11
-24,6,-4,-3,16,-3,36,0,18,9,-4,9,-28,3,-10,-2,11,-2,31,7,11,11,-11,10
-24,6,-4,-3,16,-3,36,0,18,9,-4,9,-28,3,-10,-2,11,-2,31,7,11,11,-11,10
-18,0,2,-13,24,-14,43,-7,26,2,4,3,-31,1,-12,-6,10,-5,31,6,9,10,-13,10
-18,0,2,-13,24,-14,43,-7,26,2,4,3,-31,1,-12,-6,10,-5,31,6,9,10,-13,10
-24,7,-5,-2,15,-3,34,1,17,9,-4,10,-26,2,-8,-3,12,-2,32,6,11,10,-10,10
-25,4,-6,-4,13,-4,31,1,15,9,-6,9,-26,2,-9,-3,11,-3,31,6,10,10,-10,10
-25,4,-6,-4,13,-4,31,1,15,9,-6,9,-26,2,-9,-3,11,-3,31,6,10,10,-10,10
-25,6,-4,-2,16,-2,35,2,17,10,-4,10,-26,3,-8,-2,12,-2,33,7,12,11,-9,11
-25,6,-4,-2,16,-2,35,2,17,10,-4,10,-26,3,-8,-2,12,-2,33,7,12,11,-9,11
-22,7,-3,-3,18,-3,37,1,20,10,-1,10,-27,2,-9,-3,12,-2,33,7,11,11,-10,11
-24,8,-5,-4,17,-4,36,2,18,11,-4,11,-31,0,-12,-7,10,-5,31,7,9,11,-14,10
-24,8,-5,-4,17,-4,36,2,18,11,-4,11,-31,0,-12,-7,10,-5,31,7,9,11,-14,10
-18,1,1,-12,23,-13,42,-6,25,3,3,4,-27,3,-9,-4,13,-3,34,8,12,12,-11,12
-18,1,1,-12,23,-13,42,-6,25,3,3,4,-27,3,-9,-4,13,-3,34,8,12,12,-11,12
-20,1,-3,-13,19,-14,38,-6,21,4,-1,5,-22,2,-4,-6,18,-5,38,7,17,11,-5,11
-20,1,-3,-13,19,-14,38,-6,21,4,-1,5,-22,2,-4,-6,18,-5,38,7,17,11,-5,11
-19,5,-1,-7,20,-7,39,-1,21,7,1,7,-21,2,-4,-4,17,-3,38,8,16,11,-5,10
-19,5,-1,-7,20,-7,39,-1,21,7,1,7,-21,2,-4,-4,17,-3,38,8,16,11,-5,10
-21,1,-3,-12,19,-12,37,-5,20,5,-2,5,-21,1,-3,-6,18,-5,39,7,17,12,-5,12
-21,1,-3,-12,19,-12,37,-5,20,5,-2,5,-21,1,-3,-6,18,-5,39,7,17,12,-5,12
-18,2,-1,-12,20,-13,39,-5,22,3,1,4,-21,2,-4,-6,17,-4,37,7,16,11,-6,11
-17,5,1,-7,22,-7,41,-1,24,7,3,8,-20,1,-2,-6,18,-4,39,7,18,11,-3,10
-17,5,1,-7,22,-7,41,-1,24,7,3,8,-20,1,-2,-6,18,-4,39,7,18,11,-3,10
-19,5,-2,-9,19,-10,38,-2,21,7,0,8,-21,1,-4,-6,17,-5,37,8,15,11,-6,11
-19,1,-2,-13,20,-13,39,-5,22,3,0,5,-22,2,-5,-6,16,-5,36,7,15,11,-7,11
-19,1,-2,-13,20,-13,39,-5,22,3,0,5,-22,2,-5,-6,16,-5,36,7,15,11,-7,11
-19,1,-2,-13,20,-13,39,-5,22,3,0,5,-22,2,-5,-6,16,-5,36,7,15,11,-7,11
-20,4,-3,-9,18,-9,38,-2,20,7,-1,8,-20,1,-4,-7,17,-5,38,6,16,10,-5,10
-18,4,0,-9,21,-10,41,-3,23,6,2,7,-21,2,-4,-5,17,-4,39,7,16,11,-5,11
-18,4,0,-9,21,-10,41,-3,23,6,2,7,-21,2,-4,-5,17,-4,39,7,16,11,-5,11
-15,5,4,-9,26,-10,47,-4,29,6,6,7,-21,0,-3,-6,19,-5,41,7,18,10,-4,10
-15,5,4,-9,26,-10,47,-4,29,6,6,7,-21,0,-3,-6,19,-5,41,7,18,10,-4,10
-18,1,1,-12,23,-13,43,-7,25,3,3,4,-23,1,-5,-6,17,-4,38,7,16,11,-6,11
-18,1,1,-12,23,-13,43,-7,25,3,3,4,-23,1,-5,-6,17,-4,38,7,16,11,-6,11
-6,3,20,-10,43,-11,64,-4,44,4,19,3,-24,-1,-4,-7,17,-5,41,6,17,7,-5,7
-6,3,20,-10,43,-11,64,-4,44,4,19,3,-24,-1,-4,-7,17,-5,41,6,17,7,-5,7
-17,5,2,-9,23,-10,43,-5,25,5,3,6,-23,2,-6,-4,15,-3,36,8,14,11,-7,11
-17,3,0,-11,22,-12,41,-4,24,5,3,6,-20,1,-3,-6,19,-5,39,7,17,11,-5,10
-17,3,0,-11,22,-12,41,-4,24,5,3,6,-20,1,-3,-6,19,-5,39,7,17,11,-5,10
-15,5,5,-8,26,-10,47,-4,29,6,6,7,-22,1,-4,-6,17,-5,39,7,16,10,-6,10
-15,5,5,-8,26,-10,47,-4,29,6,6,7,-22,1,-4,-6,17,-5,39,7,16,10,-6,10
-17,2,1,-14,23,-14,44,-6,26,3,3,4,-20,2,-2,-7,20,-6,40,8,18,11,-4,11
-23,6,-5,-5,16,-5,35,0,18,8,-3,9,-25,2,-7,-4,13,-2,34,7,12,11,-9,11
-23,6,-5,-5,16,-5,35,0,18,8,-3,9,-25,2,-7,-4,13,-2,34,7,12,11,-9,11
-22,5,-3,-7,18,-8,38,-3,20,7,-1,8,-27,1,-9,-4,12,-3,32,7,11,11,-10,11
-22,5,-3,-7,18,-8,38,-3,20,7,-1,8,-27,1,-9,-4,12,-3,32,7,11,11,-10,11
-22,2,-3,-12,19,-14,38,-7,21,3,-1,5,-29,1,-11,-5,10,-4,31,8,10,11,-12,11
-22,2,-3,-12,19,-14,38,-7,21,3,-1,5,-29,1,-11,-5,10,-4,31,8,10,11,-12,11
-22,5,-3,-8,18,-9,38,-3,20,6,-2,7,-28,1,-10,-5,11,-4,32,7,10,10,-11,10
-21,4,-3,-9,18,-10,37,-3,20,6,-2,7,-27,1,-10,-6,11,-5,31,6,10,10,-11,9
-21,4,-3,-9,18,-10,37,-3,20,6,-2,7,-27,1,-10,-6,11,-5,31,6,10,10,-11,9
-23,5,-5,-5,15,-6,34,-1,17,8,-4,8,-27,1,-10,-4,11,-4,31,6,10,10,-11,9
-23,5,-5,-5,15,-6,34,-1,17,8,-4,8,-27,1,-10,-4,11,-4,31,6,10,10,-11,9
-22,5,-3,-8,19,-9,38,-2,20,7,-1,8,-28,2,-10,-4,11,-4,32,7,10,10,-11,10
-22,5,-3,-8,19,-9,38,-2,20,7,-1,8,-28,2,-10,-4,11,-4,32,7,10,10,-11,10
-16,6,4,-7,26,-8,46,-2,28,7,6,8,-26,1,-8,-5,13,-4,34,8,13,10,-10,10
-20,6,1,-4,22,-4,41,0,23,9,1,9,-25,0,-9,-5,11,-4,33,6,11,9,-10,9
-20,6,1,-4,22,-4,41,0,23,9,1,9,-25,0,-9,-5,11,-4,33,6,11,9,-10,9
-20,6,1,-4,22,-4,41,0,23,9,1,9,-25,0,-9,-5,11,-4,33,6,11,9,-10,9
-18,7,6,-4,28,-5,50,0,29,9,5,9,-30,1,-10,-4,11,-3,34,7,11,11,-12,11
-24,7,-5,-6,16,-6,36,-1,19,9,-3,10,-29,2,-11,-4,9,-3,31,7,9,12,-13,12
-24,7,-5,-6,16,-6,36,-1,19,9,-3,10,-29,2,-11,-4,9,-3,31,7,9,12,-13,12
-23,7,-2,-2,18,-2,38,2,19,10,-2,9,-26,3,-9,-2,12,-1,34,7,12,10,-9,11
-22,4,-1,-10,21,-12,41,-5,24,5,0,6,-31,2,-13,-6,8,-5,29,7,8,11,-14,11
-22,4,-1,-10,21,-12,41,-5,24,5,0,6,-31,2,-13,-6,8,-5,29,7,8,11,-14,11
-22,4,-1,-10,21,-12,41,-5,24,5,0,6,-31,2,-13,-6,8,-5,29,7,8,11,-14,11
-21,7,1,-1,21,-1,41,2,22,9,0,9,-26,2,-7,-1,13,-1,34,7,13,9,-8,9
-24,6,-4,-7,17,-8,36,-2,19,9,-3,10,-29,2,-11,-5,9,-3,31,7,9,11,-13,11
-24,6,-4,-7,17,-8,36,-2,19,9,-3,10,-29,2,-11,-5,9,-3,31,7,9,11,-13,11
-24,7,-5,-3,16,-3,36,1,18,10,-4,11,-29,1,-10,-4,10,-2,31,7,10,11,-12,11
-24,7,-5,-3,16,-3,36,1,18,10,-4,11,-29,1,-10,-4,10,-2,31,7,10,11,-12,11
-24,6,-4,-7,18,-9,38,-3,20,8,-3,10,-30,1,-12,-4,10,-4,31,7,9,12,-13,12
-25,7,-6,-5,16,-7,36,-2,18,8,-4,10,-30,1,-11,-5,9,-4,30,7,8,11,-13,11
-25,7,-6,-5,16,-7,36,-2,18,8,-4,10,-30,1,-11,-5,9,-4,30,7,8,11,-13,11
-25,7,-6,-5,16,-7,36,-2,18,8,-4,10,-30,1,-11,-5,9,-4,30,7,8,11,-13,11
-23,7,-4,-5,17,-6,37,-2,19,8,-3,10,-30,0,-12,-5,9,-3,30,7,8,11,-14,10
-23,4,-3,-9,18,-10,38,-5,21,6,-2,7,-29,1,-11,-5,10,-4,31,7,10,12,-13,11
-23,4,-3,-9,18,-10,38,-5,21,6,-2,7,-29,1,-11,-5,10,-4,31,7,10,12,-13,11
-21,3,-1,-9,21,-10,41,-5,23,6,0,7,-30,0,-11,-5,10,-3,32,8,10,11,-13,11
-21,3,-1,-9,21,-10,41,-5,23,6,0,7,-30,0,-11,-5,10,-3,32,8,10,11,-13,11
-16,6,4,-6,25,-6,46,-2,28,7,5,8,-24,1,-6,-4,14,-3,37,7,14,10,-7,10
-16,6,4,-6,25,-6,46,-2,28,7,5,8,-24,1,-6,-4,14,-3,37,7,14,10,-7,10
-16,5,3,-8,25,-9,45,-4,27,6,5,7,-22,2,-4,-5,17,-3,39,8,16,11,-6,11
-16,5,3,-8,25,-9,45,-4,27,6,5,7,-22,2,-4,-5,17,-3,39,8,16,11,-6,11
-18,1,1,-13,23,-14,43,-7,25,3,3,4,-21,1,-4,-6,18,-5,39,7,17,11,-5,11
-18,1,1,-13,23,-14,43,-7,25,3,3,4,-21,1,-4,-6,18,-5,39,7,17,11,-5,11
-17,5,2,-8,23,-9,44,-3,25,6,4,6,-23,-1,-5,-7,16,-5,38,6,15,9,-7,8
-10,3,12,-10,35,-10,56,-4,36,4,13,4,-26,-3,-6,-8,16,-8,39,5,16,6,-7,6
-17,3,1,-9,23,-11,43,-5,25,5,3,6,-22,0,-4,-7,17,-5,38,6,16,9,-6,9
-17,3,1,-9,23,-11,43,-5,25,5,3,6,-22,0,-4,-7,17,-5,38,6,16,9,-6,9
-7,3,16,-9,39,-9,63,-5,41,4,17,3,-22,-1,-3,-6,18,-5,43,5,18,7,-5,7
-7,3,16,-9,39,-9,63,-5,41,4,17,3,-22,-1,-3,-6,18,-5,43,5,18,7,-5,7
-12,5,10,-7,31,-8,51,-2,33,6,10,6,-19,0,-2,-6,19,-5,41,5,19,7,-2,8
-12,5,10,-7,31,-8,51,-2,33,6,10,6,-19,0,-2,-6,19,-5,41,5,19,7,-2,8
-14,6,8,-8,30,-9,49,-2,31,8,8,8,-24,-2,-7,-8,14,-7,38,6,14,8,-8,7
-14,6,8,-8,30,-9,49,-2,31,8,8,8,-24,-2,-7,-8,14,-7,38,6,14,8,-8,7
-14,3,6,-11,27,-12,46,-5,29,3,7,4,-19,0,-2,-7,18,-6,41,6,18,8,-3,9
-14,3,6,-11,27,-12,46,-5,29,3,7,4,-19,0,-2,-7,18,-6,41,6,18,8,-3,9
-6,3,19,-10,41,-10,64,-4,43,4,19,4,-23,-2,-4,-7,17,-6,41,5,17,7,-5,7
-11,6,12,-8,35,-9,57,-3,37,6,13,6,-25,0,-6,-7,16,-5,39,7,15,8,-7,8
-11,6,12,-8,35,-9,57,-3,37,6,13,6,-25,0,-6,-7,16,-5,39,7,15,8,-7,8
-6,3,20,-9,44,-11,65,-5,45,5,20,4,-24,-2,-5,-7,17,-5,41,7,17,8,-6,8
-6,3,20,-9,44,-11,65,-5,45,5,20,4,-24,-2,-5,-7,17,-5,41,7,17,8,-6,8
-9,5,13,-6,36,-7,58,-2,37,7,13,7,-23,-3,-4,-7,18,-5,41,5,17,7,-6,7
-9,5,13,-6,36,-7,58,-2,37,7,13,7,-23,-3,-4,-7,18,-5,41,5,17,7,-6,7
-14,6,7,-7,28,-8,48,-3,30,6,8,6,-19,0,-2,-6,18,-5,41,6,18,8,-3,8
-13,3,10,-10,31,-11,51,-4,33,4,10,4,-21,1,-4,-6,17,-5,40,6,18,8,-5,9
-13,3,10,-10,31,-11,51,-4,33,4,10,4,-21,1,-4,-6,17,-5,40,6,18,8,-5,9
-15,6,6,-7,28,-8,49,-2,30,7,7,7,-26,-1,-8,-6,13,-5,34,7,12,10,-10,9
-15,6,6,-7,28,-8,49,-2,30,7,7,7,-26,-1,-8,-6,13,-5,34,7,12,10,-10,9
-18,7,4,-3,25,-4,45,0,26,8,4,8,-25,2,-7,-1,13,-1,35,8,13,10,-8,10
-17,6,4,-7,26,-8,46,-2,27,7,5,8,-29,2,-11,-4,11,-4,32,7,10,10,-12,10
-29,1,-7,-4,13,-3,33,-1,13,5,-8,4,-29,0,-11,-2,9,-2,29,3,9,6,-11,7
-29,1,-7,-4,13,-3,33,-1,13,5,-8,4,-29,0,-11,-2,9,-2,29,3,9,6,-11,7
-30,-6,-9,-24,16,-24,36,-12,17,-2,-8,-2,-32,-10,-12,-22,13,-22,34,-3,11,1,-14,1
-27,1,-6,-5,14,-5,33,-3,14,5,-6,4,-30,-1,-11,-3,9,-3,28,4,8,7,-12,7
-27,1,-6,-5,14,-5,33,-3,14,5,-6,4,-30,-1,-11,-3,9,-3,28,4,8,7,-12,7
-27,1,-6,-5,14,-5,33,-3,14,5,-6,4,-30,-1,-11,-3,9,-3,28,4,8,7,-12,7
-27,-5,-6,-16,16,-16,37,-11,17,-2,-5,-2,-33,5,-15,0,6,0,27,8,6,12,-16,13
-28,2,-7,-4,12,-3,31,-1,13,5,-8,5,-29,0,-11,-3,9,-3,29,3,9,6,-11,6
-28,2,-7,-4,12,-3,31,-1,13,5,-8,5,-29,0,-11,-3,9,-3,29,3,9,6,-11,6
-27,-5,-5,-17,17,-17,38,-11,19,-2,-5,-2,-34,6,-16,-1,6,-1,27,8,5,12,-17,13
-27,-5,-5,-17,17,-17,38,-11,19,-2,-5,-2,-34,6,-16,-1,6,-1,27,8,5,12,-17,13
-27,-4,-6,-14,16,-14,36,-7,17,1,-6,0,-33,5,-15,-1,6,-1,27,8,6,12,-16,13
-29,-5,-7,-17,16,-16,37,-9,17,0,-7,-1,-36,-6,-18,-14,5,-14,27,-2,4,2,-19,2
-29,-5,-7,-17,16,-16,37,-9,17,0,-7,-1,-36,-6,-18,-14,5,-14,27,-2,4,2,-19,2
-29,-5,-7,-17,16,-16,37,-9,17,0,-7,-1,-36,-6,-18,-14,5,-14,27,-2,4,2,-19,2
-27,-5,-6,-18,17,-18,37,-10,18,-1,-5,-1,-39,0,-21,-7,1,-7,23,4,0,8,-22,9
-28,2,-7,-4,13,-4,32,-2,14,5,-7,5,-28,0,-10,-2,10,-3,29,3,9,6,-11,6
-28,2,-7,-4,13,-4,32,-2,14,5,-7,5,-28,0,-10,-2,10,-3,29,3,9,6,-11,6
-28,-5,-6,-17,17,-16,37,-10,18,-2,-6,-2,-19,0,0,-5,21,-6,43,4,20,8,-2,8
-28,-5,-6,-17,17,-16,37,-10,18,-2,-6,-2,-19,0,0,-5,21,-6,43,4,20,8,-2,8
-27,-4,-6,-21,19,-21,40,-9,21,1,-5,1,-43,-11,-25,-21,0,-21,21,-4,-2,1,-27,0
-27,-4,-6,-21,19,-21,40,-9,21,1,-5,1,-43,-11,-25,-21,0,-21,21,-4,-2,1,-27,0
-28,0,-6,-8,16,-8,37,-5,17,4,-6,4,-22,-1,-3,-4,18,-3,40,5,17,9,-5,8
-28,0,-6,-8,16,-8,37,-5,17,4,-6,4,-22,-1,-3,-4,18,-3,40,5,17,9,-5,8
-28,-4,-7,-18,16,-17,37,-10,17,0,-7,-1,-39,-5,-21,-13,1,-13,23,-1,0,3,-22,4
-28,-5,-6,-17,17,-16,37,-8,18,0,-6,-1,-40,-1,-22,-8,0,-7,22,3,0,8,-23,8
-28,-5,-6,-17,17,-16,37,-8,18,0,-6,-1,-40,-1,-22,-8,0,-7,22,3,0,8,-23,8
-29,2,-8,-4,11,-3,30,0,12,6,-8,5,-29,0,-11,-3,9,-3,28,3,8,6,-12,7
-29,2,-8,-4,11,-3,30,0,12,6,-8,5,-29,0,-11,-3,9,-3,28,3,8,6,-12,7
-29,-5,-9,-18,13,-18,33,-9,14,-1,-9,-1,-36,4,-19,-4,3,-4,24,7,3,12,-20,12
-29,-5,-9,-18,13,-18,33,-9,14,-1,-9,-1,-36,4,-19,-4,3,-4,24,7,3,12,-20,12
-28,-4,-6,-18,16,-18,37,-10,17,-1,-6,-1,-41,-5,-23,-13,-1,-12,21,0,-1,4,-24,4
-28,-4,-6,-18,16,-18,37,-10,17,-1,-6,-1,-41,-5,-23,-13,-1,-12,21,0,-1,4,-24,4
-27,-5,-6,-18,18,-17,38,-9,18,-1,-5,-1,-36,-6,-19,-14,4,-14,25,-2,3,2,-20,2
-29,3,-8,-5,11,-4,30,0,12,6,-8,6,-30,2,-12,-2,8,-2,28,6,7,8,-13,9
-29,3,-8,-5,11,-4,30,0,12,6,-8,6,-30,2,-12,-2,8,-2,28,6,7,8,-13,9
-27,3,-7,-6,14,-6,33,-2,15,6,-6,6,-32,5,-14,1,7,1,27,8,6,12,-15,13
-27,3,-7,-6,14,-6,33,-2,15,6,-6,6,-32,5,-14,1,7,1,27,8,6,12,-15,13
-27,2,-6,-5,13,-4,31,-1,13,5,-7,5,-28,1,-10,-3,10,-3,29,4,9,7,-11,7
-27,2,-6,-5,13,-4,31,-1,13,5,-7,5,-28,1,-10,-3,10,-3,29,4,9,7,-11,7
-29,2,-8,-4,11,-4,29,-1,12,5,-8,4,-30,1,-11,-2,8,-3,27,3,7,6,-13,7
-29,2,-8,-4,11,-4,29,-1,12,5,-8,4,-30,1,-11,-2,8,-3,27,3,7,6,-13,7
-26,-3,-5,-16,17,-16,37,-8,19,1,-4,0,-34,6,-16,-2,5,-3,26,9,5,13,-17,13
-26,-6,-5,-18,18,-18,38,-11,19,-1,-5,-2,-33,6,-15,-1,6,-1,27,8,6,13,-16,14
-26,-6,-5,-18,18,-18,38,-11,19,-1,-5,-2,-33,6,-15,-1,6,-1,27,8,6,13,-16,14
-26,-6,-5,-18,18,-18,38,-11,19,-1,-5,-2,-33,6,-15,-1,6,-1,27,8,6,13,-16,14
-25,2,-3,-6,18,-5,37,-1,18,5,-3,5,-29,0,-10,-4,10,-4,30,3,9,6,-11,6
-26,2,-4,-6,16,-6,36,-2,17,5,-5,5,-29,0,-10,-3,10,-4,31,3,10,6,-11,7
-26,2,-4,-6,16,-6,36,-2,17,5,-5,5,-29,0,-10,-3,10,-4,31,3,10,6,-11,7
-28,3,-7,-5,12,-5,31,-1,13,5,-8,5,-30,4,-12,1,8,0,26,8,7,11,-13,11
-28,3,-7,-5,12,-5,31,-1,13,5,-8,5,-30,4,-12,1,8,0,26,8,7,11,-13,11
-27,-4,-5,-13,17,-13,36,-8,17,0,-5,-1,-34,1,-15,-3,5,-4,26,4,5,8,-16,9
-27,-4,-5,-13,17,-13,36,-8,17,0,-5,-1,-34,1,-15,-3,5,-4,26,4,5,8,-16,9
-26,2,-4,-6,16,-5,36,-1,17,5,-5,5,-29,6,-10,3,10,2,30,9,9,12,-11,13
-26,2,-4,-6,16,-5,36,-1,17,5,-5,5,-29,6,-10,3,10,2,30,9,9,12,-11,13
-24,0,-3,-8,18,-8,38,-4,19,3,-3,3,-29,2,-11,-2,9,-3,30,4,9,7,-12,8
-25,-4,-3,-15,19,-15,40,-9,20,-1,-3,-1,-31,5,-12,1,8,1,29,9,8,12,-13,12
-25,-4,-3,-15,19,-15,40,-9,20,-1,-3,-1,-31,5,-12,1,8,1,29,9,8,12,-13,12
-25,-3,-3,-13,18,-12,38,-7,19,1,-4,0,-32,6,-14,0,7,-1,27,8,6,12,-15,13
-25,-3,-3,-13,18,-12,38,-7,19,1,-4,0,-32,6,-14,0,7,-1,27,8,6,12,-15,13
-27,2,-6,-5,15,-5,34,-2,15,5,-6,4,-31,0,-12,-2,8,-3,27,3,7,7,-13,7
-27,2,-6,-5,15,-5,34,-2,15,5,-6,4,-31,0,-12,-2,8,-3,27,3,7,7,-13,7
-29,1,-9,-4,10,-4,28,-2,10,4,-9,3,-28,1,-10,-1,9,-2,27,4,8,7,-11,7
-29,1,-9,-4,10,-4,28,-2,10,4,-9,3,-28,1,-10,-1,9,-2,27,4,8,7,-11,7
-24,-3,-3,-14,20,-15,40,-8,21,0,-2,0,-34,5,-16,0,5,-1,26,9,4,13,-17,13
-24,-3,-3,-14,20,-15,40,-8,21,0,-2,0,-34,5,-16,0,5,-1,26,9,4,13,-17,13
-26,-4,-5,-17,17,-17,38,-9,18,-1,-5,-1,-34,5,-16,-3,5,-3,26,9,5,12,-17,13
-26,-4,-5,-18,17,-17,37,-8,19,0,-5,0,-34,-5,-16,-14,6,-14,27,-2,5,2,-17,3
-26,-4,-5,-18,17,-17,37,-8,19,0,-5,0,-34,-5,-16,-14,6,-14,27,-2,5,2,-17,3
-27,2,-5,-6,16,-6,36,-3,17,5,-6,4,-27,0,-9,-4,12,-4,32,2,11,6,-10,6
-27,2,-5,-6,16,-6,36,-3,17,5,-6,4,-27,0,-9,-4,12,-4,32,2,11,6,-10,6
-26,-1,-5,-9,17,-9,38,-5,18,2,-5,2,-35,-2,-16,-6,5,-6,26,2,4,5,-17,6
-26,-1,-5,-9,17,-9,38,-5,18,2,-5,2,-35,-2,-16,-6,5,-6,26,2,4,5,-17,6
-27,3,-6,-5,15,-5,34,-2,15,6,-6,5,-28,4,-10,0,10,0,30,7,9,11,-11,11
-27,3,-6,-5,15,-5,34,-2,15,6,-6,5,-28,4,-10,0,10,0,30,7,9,11,-11,11
-28,2,-7,-5,13,-5,32,-2,14,5,-7,4,-27,0,-9,-3,11,-3,30,4,10,7,-10,7
-28,2,-7,-5,13,-5,32,-2,14,5,-7,4,-27,0,-9,-3,11,-3,30,4,10,7,-10,7
-25,-3,-4,-16,18,-16,38,-9,20,0,-3,1,-34,5,-16,-2,6,-3,26,8,5,13,-17,13
-25,-3,-4,-16,18,-16,38,-9,20,0,-3,1,-34,5,-16,-2,6,-3,26,8,5,13,-17,13
-27,-5,-5,-17,18,-17,39,-9,19,-1,-5,-1,-36,-5,-17,-12,5,-13,27,-2,5,2,-18,3
-28,3,-8,-4,12,-4,30,0,12,7,-8,6,-28,1,-10,-3,9,-3,28,4,9,7,-11,7
-28,3,-8,-4,12,-4,30,0,12,7,-8,6,-28,1,-10,-3,9,-3,28,4,9,7,-11,7
-26,3,-5,-6,17,-6,37,-1,17,7,-5,6,-32,5,-14,0,7,0,28,8,7,12,-15,12
-26,3,-5,-6,17,-6,37,-1,17,7,-5,6,-32,5,-14,0,7,0,28,8,7,12,-15,12
-26,2,-5,-6,16,-7,36,-2,17,5,-5,5,-28,1,-10,-3,10,-3,30,4,10,7,-11,7
-26,3,-5,-6,15,-6,35,-1,16,6,-5,5,-30,5,-12,0,8,0,28,8,8,11,-13,12
-26,3,-5,-6,15,-6,35,-1,16,6,-5,5,-30,5,-12,0,8,0,28,8,8,11,-13,12
-26,3,-5,-6,15,-6,35,-1,16,6,-5,5,-30,5,-12,0,8,0,28,8,8,11,-13,12
-27,2,-6,-5,13,-5,31,-1,13,5,-7,4,-28,0,-10,-4,10,-4,28,3,9,6,-11,6
-28,2,-6,-5,15,-5,35,-2,15,5,-6,5,-28,-1,-9,-4,11,-4,31,3,11,5,-10,6
-28,2,-6,-5,15,-5,35,-2,15,5,-6,5,-28,-1,-9,-4,11,-4,31,3,11,5,-10,6
-28,2,-9,-4,11,-4,30,0,11,6,-9,5,-28,3,-11,-1,9,-1,27,5,8,9,-12,9
-28,3,-8,-4,12,-4,30,0,12,6,-8,6,-29,5,-11,2,9,2,27,9,8,12,-12,12
-28,3,-8,-4,12,-4,30,0,12,6,-8,6,-29,5,-11,2,9,2,27,9,8,12,-12,12
-28,2,-7,-5,13,-5,31,-1,13,5,-7,5,-28,0,-9,-3,10,-3,29,4,9,6,-10,7
-28,2,-7,-5,13,-5,31,-1,13,5,-7,5,-28,0,-9,-3,10,-3,29,4,9,6,-10,7
-29,3,-8,-4,12,-4,30,-1,12,6,-8,6,-28,0,-10,-3,10,-3,29,4,9,7,-11,7
-29,3,-8,-4,12,-4,30,-1,12,6,-8,6,-28,0,-10,-3,10,-3,29,4,9,7,-11,7
-26,-4,-5,-16,17,-16,38,-10,19,-2,-4,-1,-32,5,-14,0,8,-1,28,9,7,12,-15,13
-26,-4,-5,-16,17,-16,38,-10,19,-2,-4,-1,-32,5,-14,0,8,-1,28,9,7,12,-15,13
-24,-3,-3,-13,19,-13,38,-8,20,0,-3,0,-29,-1,-10,-5,10,-5,30,3,10,6,-11,6
-24,-3,-3,-13,19,-13,38,-8,20,0,-3,0,-29,-1,-10,-5,10,-5,30,3,10,6,-11,6
-28,2,-6,-5,14,-5,35,-2,15,5,-7,4,-28,-1,-9,-3,11,-3,30,3,10,5,-11,6
-24,1,-2,-6,18,-5,38,-1,18,5,-3,4,-30,-1,-11,-4,9,-4,29,1,9,5,-12,6
-24,1,-2,-6,18,-5,38,-1,18,5,-3,4,-30,-1,-11,-4,9,-4,29,1,9,5,-12,6
-26,-6,-4,-14,17,-13,38,-10,18,-2,-4,-3,-33,-1,-14,-4,6,-5,28,1,6,5,-15,6
-26,-6,-4,-14,17,-13,38,-10,18,-2,-4,-3,-33,-1,-14,-4,6,-5,28,1,6,5,-15,6
-27,-7,-6,-20,17,-21,37,-13,18,-3,-5,-3,-33,5,-15,-2,6,-3,27,8,6,13,-16,13
-27,-7,-6,-20,17,-21,37,-13,18,-3,-5,-3,-33,5,-15,-2,6,-3,27,8,6,13,-16,13
-28,1,-8,-4,12,-4,30,-1,12,5,-8,4,-27,1,-9,-1,11,-2,29,4,9,6,-10,7
-28,1,-8,-4,12,-4,30,-1,12,5,-8,4,-27,1,-9,-1,11,-2,29,4,9,6,-10,7
-28,2,-7,-4,13,-4,32,-1,13,5,-7,5,-28,-1,-10,-3,9,-3,28,3,8,5,-12,6
-28,3,-8,-4,12,-4,32,-1,13,6,-8,6,-21,0,-3,-3,17,-3,36,4,16,7,-4,7
-28,3,-8,-4,12,-4,32,-1,13,6,-8,6,-21,0,-3,-3,17,-3,36,4,16,7,-4,7
-26,2,-5,-6,16,-6,36,-3,17,4,-5,4,-29,2,-10,-2,10,-2,30,5,9,8,-12,9
-26,2,-5,-6,16,-6,36,-3,17,4,-5,4,-29,2,-10,-2,10,-2,30,5,9,8,-12,9
-26,-5,-5,-16,18,-16,38,-9,19,-1,-5,-2,-33,5,-16,-2,6,-2,27,7,5,12,-16,12
-26,-5,-5,-16,18,-16,38,-9,19,-1,-5,-2,-33,5,-16,-2,6,-2,27,7,5,12,-16,12
-26,-5,-5,-18,18,-18,38,-11,19,-2,-4,-2,-34,5,-16,-2,5,-3,26,7,5,12,-17,12
-26,-5,-5,-18,18,-18,38,-11,19,-2,-4,-2,-34,5,-16,-2,5,-3,26,7,5,12,-17,12
-24,-3,-2,-14,19,-14,40,-9,21,-1,-2,0,-32,6,-13,1,8,1,28,9,7,13,-14,13
-28,2,-7,-4,12,-3,31,0,13,6,-8,5,-28,0,-10,-3,10,-3,29,3,9,6,-11,7
-28,2,-7,-4,12,-3,31,0,13,6,-8,5,-28,0,-10,-3,10,-3,29,3,9,6,-11,7
-28,3,-8,-4,12,-4,31,0,13,6,-8,6,-31,2,-12,-1,7,-2,27,5,7,8,-13,9
-28,3,-8,-4,12,-4,31,0,13,6,-8,6,-31,2,-12,-1,7,-2,27,5,7,8,-13,9
-26,2,-6,-5,13,-5,32,-1,13,4,-7,4,-28,0,-10,-4,9,-4,29,2,9,5,-11,6
-26,2,-6,-5,13,-5,32,-1,13,4,-7,4,-28,0,-10,-4,9,-4,29,2,9,5,-11,6
-26,2,-4,-7,17,-8,38,-4,18,4,-4,4,-32,5,-13,2,8,1,28,9,7,12,-14,12
-26,2,-4,-7,17,-8,38,-4,18,4,-4,4,-32,5,-13,2,8,1,28,9,7,12,-14,12
-27,3,-7,-4,13,-4,31,0,13,6,-7,5,-28,0,-10,-3,9,-3,28,4,8,7,-11,7
-27,3,-7,-4,13,-4,31,0,13,6,-7,5,-28,0,-10,-3,9,-3,28,4,8,7,-11,7
-25,2,-4,-8,18,-9,38,-4,19,4,-3,4,-29,5,-11,1,9,0,29,8,9,11,-12,12
-27,1,-7,-5,12,-4,31,-1,13,5,-8,4,-28,-1,-10,-4,9,-4,28,1,9,5,-11,5
-27,1,-7,-5,12,-4,31,-1,13,5,-8,4,-28,-1,-10,-4,9,-4,28,1,9,5,-11,5
-25,3,-4,-6,17,-6,37,-2,18,5,-4,5,-29,1,-11,-3,9,-4,29,4,9,7,-12,7
-25,3,-4,-6,17,-6,37,-2,18,5,-4,5,-29,1,-11,-3,9,-4,29,4,9,7,-12,7
-24,-4,-2,-15,20,-15,40,-9,21,-2,-2,-2,-35,3,-17,-2,4,-3,24,6,3,9,-18,10
-24,-4,-2,-15,20,-15,40,-9,21,-2,-2,-2,-35,3,-17,-2,4,-3,24,6,3,9,-18,10
-25,-4,-4,-16,18,-17,39,-11,20,-2,-3,-2,-33,6,-14,1,6,0,27,10,6,14,-16,14
-25,-4,-4,-16,18,-17,39,-11,20,-2,-3,-2,-33,6,-14,1,6,0,27,10,6,14,-16,14
-25,3,-4,-6,18,-6,38,-1,19,6,-4,6,-29,4,-11,0,10,0,29,7,9,11,-12,11
-26,2,-5,-6,15,-6,35,-3,16,4,-5,5,-29,4,-10,1,10,0,29,8,9,11,-12,11
-26,2,-5,-6,15,-6,35,-3,16,4,-5,5,-29,4,-10,1,10,0,29,8,9,11,-12,11
-25,-5,-4,-19,20,-19,40,-9,21,-1,-3,-1,-40,-7,-22,-16,0,-16,22,-3,0,2,-23,2
-25,-5,-4,-19,20,-19,40,-9,21,-1,-3,-1,-40,-7,-22,-16,0,-16,22,-3,0,2,-23,2
-27,2,-5,-6,16,-6,35,-2,16,6,-6,5,-34,6,-16,1,5,0,26,8,5,12,-17,13
-27,2,-5,-6,16,-6,35,-2,16,6,-6,5,-34,6,-16,1,5,0,26,8,5,12,-17,13
-24,-2,-2,-13,20,-14,40,-8,21,0,-2,0,-32,5,-13,0,8,0,28,9,7,12,-14,13
-24,-2,-2,-13,20,-14,40,-8,21,0,-2,0,-32,5,-13,0,8,0,28,9,7,12,-14,13
-28,2,-6,-5,14,-5,33,-3,15,5,-6,5,-21,-1,-2,-3,18,-3,38,4,17,7,-3,7
-28,2,-6,-5,14,-5,34,-2,15,5,-7,4,-27,0,-9,-3,11,-3,31,3,10,6,-10,6
-28,2,-6,-5,14,-5,34,-2,15,5,-7,4,-27,0,-9,-3,11,-3,31,3,10,6,-10,6
-27,3,-6,-5,15,-5,35,-1,16,6,-6,6,-29,0,-11,-4,9,-4,29,4,9,7,-12,7
-27,3,-6,-5,15,-5,35,-1,16,6,-6,6,-29,0,-11,-4,9,-4,29,4,9,7,-12,7
-26,3,-6,-5,15,-5,34,-2,16,6,-5,6,-28,5,-10,1,10,1,30,8,10,11,-10,12
-26,3,-6,-5,15,-5,34,-2,16,6,-5,6,-28,5,-10,1,10,1,30,8,10,11,-10,12
-29,1,-11,-3,7,-3,25,-1,8,4,-11,3,-26,0,-7,-2,11,-3,29,2,10,5,-8,5
-26,2,-4,-6,16,-5,36,-2,17,6,-5,5,-29,1,-10,-3,10,-4,30,3,10,6,-11,7
-26,2,-4,-6,16,-5,36,-2,17,6,-5,5,-29,1,-10,-3,10,-4,30,3,10,6,-11,7
-27,2,-7,-5,13,-5,32,-1,14,5,-7,4,-30,-1,-11,-4,9,-4,28,3,7,6,-13,6
-27,2,-7,-5,13,-5,32,-1,14,5,-7,4,-30,-1,-11,-4,9,-4,28,3,7,6,-13,6
-28,2,-8,-5,12,-4,31,0,13,6,-8,5,-28,1,-10,-3,10,-3,29,4,9,7,-11,7
-28,2,-8,-5,12,-4,31,0,13,6,-8,5,-28,1,-10,-3,10,-3,29,4,9,7,-11,7
-28,-4,-7,-20,17,-21,36,-11,18,-1,-6,-1,-37,-7,-19,-16,3,-15,24,-2,2,2,-21,2
-27,2,-7,-5,13,-5,33,-1,14,6,-7,5,-29,6,-11,2,10,2,30,9,9,13,-12,13
-27,2,-7,-5,13,-5,33,-1,14,6,-7,5,-29,6,-11,2,10,2,30,9,9,13,-12,13
-26,2,-5,-6,16,-6,35,-2,16,5,-5,5,-28,5,-10,2,10,1,29,8,9,11,-11,12
-26,2,-5,-6,16,-6,35,-2,16,5,-5,5,-28,5,-10,2,10,1,29,8,9,11,-11,12
-27,-5,-7,-21,16,-21,35,-10,17,-1,-7,-1,-33,-8,-15,-19,8,-19,28,-3,7,1,-16,1
-27,-5,-7,-21,16,-21,35,-10,17,-1,-7,-1,-33,-8,-15,-19,8,-19,28,-3,7,1,-16,1
-26,2,-5,-6,16,-6,35,-2,17,6,-5,5,-32,6,-13,2,7,1,27,8,7,12,-14,13
-27,-3,-6,-13,16,-14,36,-8,17,0,-5,1,-32,5,-13,0,8,0,28,8,7,12,-14,13
-27,-3,-6,-13,16,-14,36,-8,17,0,-5,1,-32,5,-13,0,8,0,28,8,7,12,-14,13
-25,2,-3,-6,18,-5,38,-2,19,5,-3,5,-27,-1,-8,-4,12,-4,33,3,12,6,-9,6
-27,2,-6,-4,13,-4,31,0,13,6,-7,5,-28,1,-9,-2,10,-3,29,3,10,6,-10,7
-26,2,-5,-6,16,-7,36,-3,17,4,-4,4,-31,4,-12,1,8,0,27,8,7,11,-13,11
-28,2,-8,-4,12,-4,30,-1,12,5,-8,4,-28,0,-9,-3,10,-3,29,3,9,6,-10,6
-28,2,-8,-4,12,-4,30,-1,12,5,-8,4,-28,0,-9,-3,10,-3,29,3,9,6,-10,6
-28,3,-7,-4,12,-4,30,-1,13,6,-8,5,-29,0,-11,-3,9,-3,27,4,8,6,-12,7
-27,2,-5,-6,15,-6,36,-3,16,4,-5,4,-29,0,-10,-4,10,-4,30,3,9,6,-11,6
-27,7,-8,-7,14,-8,32,-1,16,10,-7,11,-33,-2,-13,-8,9,-7,27,7,7,11,-16,9
-27,7,-8,-7,14,-8,32,-1,16,10,-7,11,-33,-2,-13,-8,9,-7,27,7,7,11,-16,9
-27,7,-8,-7,13,-8,32,-2,15,9,-7,10,-31,-2,-12,-9,9,-7,28,6,7,9,-14,8
-27,7,-8,-7,13,-8,32,-2,15,9,-7,10,-31,-2,-12,-9,9,-7,28,6,7,9,-14,8
-27,6,-8,-8,13,-9,32,-1,15,9,-7,9,-33,-1,-13,-8,9,-7,28,7,8,11,-15,10
-27,6,-8,-8,13,-9,32,-1,15,9,-7,9,-33,-1,-13,-8,9,-7,28,7,8,11,-15,10
-27,7,-7,-7,14,-8,34,-2,16,8,-6,9,-32,-1,-12,-7,10,-6,29,7,8,10,-15,9
-26,6,-7,-7,14,-9,32,-2,15,8,-6,9,-31,0,-12,-7,9,-6,28,7,7,11,-15,10
-26,6,-7,-7,14,-9,32,-2,15,8,-6,9,-31,0,-12,-7,9,-6,28,7,7,11,-15,10
-27,6,-7,-7,13,-8,33,-2,15,8,-6,9,-33,-2,-13,-8,8,-6,28,7,7,10,-16,8
-27,6,-7,-7,13,-8,33,-2,15,8,-6,9,-33,-2,-13,-8,8,-6,28,7,7,10,-16,8
-28,7,-9,-6,12,-8,31,-1,14,8,-7,10,-31,0,-12,-7,9,-5,29,8,8,11,-14,10
-28,7,-9,-6,12,-8,31,-1,14,8,-7,10,-31,0,-12,-7,9,-5,29,8,8,11,-14,10
-27,7,-7,-7,15,-8,34,-1,16,8,-6,9,-32,-1,-13,-8,9,-6,29,8,7,10,-15,9
-27,7,-7,-7,15,-8,34,-1,16,8,-6,9,-32,-1,-13,-8,9,-6,29,8,7,10,-15,9
-28,7,-9,-7,13,-8,33,-2,15,8,-7,9,-34,-1,-15,-7,7,-6,27,7,5,11,-17,9
-28,7,-9,-7,13,-8,33,-2,15,8,-7,9,-34,-1,-15,-7,7,-6,27,7,5,11,-17,9
-29,6,-9,-7,12,-9,31,-2,14,8,-8,9,-31,0,-12,-7,9,-6,28,7,8,11,-14,10
-27,6,-8,-6,13,-8,33,-2,15,8,-7,10,-32,-2,-13,-7,9,-6,28,7,7,10,-15,9
-27,6,-8,-6,13,-8,33,-2,15,8,-7,10,-32,-2,-13,-7,9,-6,28,7,7,10,-15,9
-27,7,-7,-6,15,-8,35,0,16,9,-6,10,-32,-2,-13,-8,9,-7,29,7,7,10,-15,8
-27,7,-7,-6,15,-8,35,0,16,9,-6,10,-32,-2,-13,-8,9,-7,29,7,7,10,-15,8
-27,7,-7,-6,15,-7,35,-1,17,9,-6,10,-34,-2,-14,-8,8,-7,27,7,6,10,-17,9
-27,7,-7,-6,15,-7,35,-1,17,9,-6,10,-34,-2,-14,-8,8,-7,27,7,6,10,-17,9
-26,6,-7,-7,13,-9,32,-2,15,8,-6,9,-31,-1,-12,-8,9,-6,28,6,7,10,-14,8
-26,6,-7,-7,13,-9,32,-2,15,8,-6,9,-31,-1,-12,-8,9,-6,28,6,7,10,-14,8
-28,6,-8,-7,13,-9,32,-2,15,7,-7,8,-33,-2,-13,-8,8,-6,28,7,6,10,-16,8
-27,6,-7,-8,13,-10,33,-2,16,7,-6,8,-31,0,-12,-7,9,-5,28,8,7,10,-14,9
-27,6,-7,-8,13,-10,33,-2,16,7,-6,8,-31,0,-12,-7,9,-5,28,8,7,10,-14,9
-27,6,-7,-8,13,-10,33,-2,16,7,-6,8,-31,0,-12,-7,9,-5,28,8,7,10,-14,9
-27,7,-8,-7,13,-9,32,-2,16,9,-6,10,-30,-1,-12,-8,9,-6,28,6,7,10,-14,9
-27,7,-8,-6,13,-8,32,-2,15,8,-7,9,-30,-1,-12,-8,9,-7,28,6,7,9,-14,8
-27,7,-8,-6,13,-8,32,-2,15,8,-7,9,-30,-1,-12,-8,9,-7,28,6,7,9,-14,8
-27,7,-8,-6,13,-8,32,-2,15,8,-7,9,-32,-1,-14,-7,8,-5,27,7,6,10,-16,9
-27,7,-8,-6,13,-8,32,-2,15,8,-7,9,-32,-1,-14,-7,8,-5,27,7,6,10,-16,9
-27,7,-8,-6,14,-9,33,-2,16,9,-6,10,-32,-2,-13,-8,8,-6,28,7,6,11,-16,9
-27,6,-8,-7,12,-10,31,-3,15,8,-7,9,-32,-1,-13,-7,8,-5,27,7,6,11,-16,9
-27,6,-8,-7,12,-10,31,-3,15,8,-7,9,-32,-1,-13,-7,8,-5,27,7,6,11,-16,9
-26,8,-7,-5,14,-7,33,0,16,10,-6,10,-33,-2,-14,-7,7,-6,27,7,6,10,-16,9
-26,8,-7,-5,14,-7,33,0,16,10,-6,10,-33,-2,-14,-7,7,-6,27,7,6,10,-16,9
-27,8,-8,-5,14,-7,33,0,16,10,-6,11,-32,-1,-13,-7,8,-5,28,7,7,11,-15,10
-27,8,-8,-5,14,-7,33,0,16,10,-6,11,-32,-1,-13,-7,8,-5,28,7,7,11,-15,10
-27,8,-7,-5,14,-7,33,-1,16,10,-6,11,-33,-2,-14,-7,8,-6,27,7,6,11,-16,9
-27,8,-7,-5,14,-7,33,-1,16,10,-6,11,-33,-2,-14,-7,8,-6,27,7,6,11,-16,9
-26,7,-6,-6,16,-7,36,0,17,9,-5,10,-34,-1,-14,-7,7,-6,28,7,6,10,-16,9
-26,7,-6,-6,16,-7,36,0,17,9,-5,10,-34,-1,-14,-7,7,-6,28,7,6,10,-16,9
-27,7,-8,-7,13,-9,31,-1,15,9,-7,10,-31,0,-13,-7,8,-6,28,8,6,11,-15,10
-27,7,-8,-7,13,-9,31,-1,15,9,-7,10,-31,0,-13,-7,8,-6,28,8,6,11,-15,10
-29,7,-9,-6,12,-8,31,-1,14,10,-8,10,-31,0,-13,-7,9,-5,28,7,7,11,-15,10
-26,8,-7,-6,14,-8,33,-1,16,10,-6,11,-31,0,-13,-8,9,-6,28,7,7,11,-15,10
-26,8,-7,-6,14,-8,33,-1,16,10,-6,11,-31,0,-13,-8,9,-6,28,7,7,11,-15,10
-27,7,-8,-7,13,-8,32,-2,15,9,-7,10,-32,-2,-13,-8,9,-7,27,7,7,10,-15,9
-27,7,-8,-7,13,-8,32,-2,15,9,-7,10,-32,-2,-13,-8,9,-7,27,7,7,10,-15,9
-27,7,-9,-7,12,-8,31,-2,15,9,-7,10,-32,-2,-13,-9,8,-7,27,7,6,10,-15,9
-27,7,-9,-7,12,-8,31,-2,15,9,-7,10,-32,-2,-13,-9,8,-7,27,7,6,10,-15,9
-27,6,-8,-7,13,-10,31,-3,15,7,-6,9,-31,-1,-13,-8,8,-6,27,7,6,10,-15,9
-26,6,-7,-7,13,-8,32,-2,15,7,-6,8,-30,-2,-12,-8,8,-7,27,6,7,9,-14,8
-26,6,-7,-7,13,-8,32,-2,15,7,-6,8,-30,-2,-12,-8,8,-7,27,6,7,9,-14,8
-27,6,-8,-7,12,-9,31,-3,14,8,-7,9,-29,-2,-11,-8,10,-7,29,6,8,10,-13,8
-27,6,-8,-7,12,-9,31,-3,14,8,-7,9,-29,-2,-11,-8,10,-7,29,6,8,10,-13,8
-28,7,-9,-6,12,-7,31,-1,14,9,-7,10,-30,-1,-11,-7,10,-5,29,7,8,11,-14,10
-28,7,-9,-6,12,-7,31,-1,14,9,-7,10,-30,-1,-11,-7,10,-5,29,7,8,11,-14,10
-28,7,-8,-6,14,-8,33,-1,16,10,-6,11,-30,-2,-12,-9,9,-7,29,5,8,10,-14,9
-28,7,-8,-6,14,-8,33,-1,16,10,-6,11,-30,-2,-12,-9,9,-7,29,5,8,10,-14,9
-27,6,-8,-7,13,-8,33,-2,15,8,-7,9,-32,-2,-13,-7,8,-6,27,7,6,10,-16,9
-27,7,-8,-6,13,-7,33,-1,15,9,-7,10,-32,-1,-13,-7,8,-5,27,7,6,10,-16,9
-27,7,-8,-6,13,-7,33,-1,15,9,-7,10,-32,-1,-13,-7,8,-5,27,7,6,10,-16,9
-27,7,-8,-7,13,-8,32,-2,15,8,-7,9,-30,-1,-12,-8,9,-7,28,6,8,9,-14,8
-27,7,-8,-7,13,-8,32,-2,15,8,-7,9,-30,-1,-12,-8,9,-7,28,6,8,9,-14,8
-27,7,-8,-6,13,-7,32,-1,15,8,-7,9,-33,-1,-13,-7,8,-5,27,8,6,10,-16,9
-27,7,-8,-6,13,-7,32,-1,15,8,-7,9,-33,-1,-13,-7,8,-5,27,8,6,10,-16,9
-27,6,-7,-7,13,-9,31,-2,15,8,-6,9,-30,-1,-12,-7,9,-6,28,6,7,9,-14,9
-27,6,-8,-8,13,-10,31,-2,15,8,-7,9,-30,-1,-12,-8,9,-7,28,7,8,10,-14,9
-27,6,-8,-8,13,-10,31,-2,15,8,-7,9,-30,-1,-12,-8,9,-7,28,7,8,10,-14,9
-25,6,-6,-7,14,-9,33,-2,16,8,-5,9,-32,-1,-13,-8,9,-6,27,7,7,10,-15,9
-25,6,-6,-7,14,-9,33,-2,16,8,-5,9,-32,-1,-13,-8,9,-6,27,7,7,10,-15,9
-26,7,-7,-6,14,-7,33,0,16,9,-6,10,-31,0,-13,-7,8,-5,28,8,7,11,-15,10
-26,7,-7,-6,14,-7,33,0,16,9,-6,10,-31,0,-13,-7,8,-5,28,8,7,11,-15,10
-26,7,-7,-6,14,-7,33,-1,16,9,-5,10,-33,-2,-14,-8,7,-6,26,7,5,9,-16,8
-25,6,-6,-7,15,-8,33,-2,16,7,-5,8,-30,-2,-12,-8,9,-6,28,6,8,9,-14,8
-25,6,-6,-7,15,-8,33,-2,16,7,-5,8,-30,-2,-12,-8,9,-6,28,6,8,9,-14,8
-27,6,-8,-7,12,-9,31,-2,15,8,-7,9,-30,0,-12,-7,9,-6,28,7,7,11,-14,10
-27,6,-8,-7,12,-9,31,-2,15,8,-7,9,-30,0,-12,-7,9,-6,28,7,7,11,-14,10
-27,6,-8,-8,13,-10,31,-3,15,8,-7,9,-31,-1,-13,-8,8,-7,27,6,6,9,-15,8
-27,6,-8,-8,13,-10,31,-3,15,8,-7,9,-31,-1,-13,-8,8,-7,27,6,6,9,-15,8
-26,7,-7,-6,14,-7,34,-1,16,9,-6,10,-34,-2,-15,-8,7,-6,27,6,5,9,-17,8
-27,7,-8,-6,13,-7,33,-1,15,9,-6,9,-33,-2,-14,-7,7,-5,27,6,5,10,-17,9
-27,7,-8,-6,13,-7,33,-1,15,9,-6,9,-33,-2,-14,-7,7,-5,27,6,5,10,-17,9
-27,7,-8,-6,13,-8,32,-1,15,9,-6,10,-31,-1,-12,-7,9,-5,28,8,7,11,-15,10
-27,7,-8,-6,13,-8,32,-1,15,9,-6,10,-31,-1,-12,-7,9,-5,28,8,7,11,-15,10
-27,6,-8,-6,13,-7,32,-2,15,8,-7,9,-32,-1,-13,-7,8,-5,27,6,7,10,-15,9
-27,6,-8,-6,13,-7,32,-2,15,8,-7,9,-32,-1,-13,-7,8,-5,27,6,7,10,-15,9
-28,8,-9,-6,12,-8,32,0,14,9,-7,10,-30,0,-12,-8,9,-7,28,7,7,10,-14,9
-27,7,-8,-6,13,-8,33,-1,16,9,-6,10,-32,0,-13,-7,9,-5,27,8,7,11,-15,10
-27,7,-8,-6,13,-8,33,-1,16,9,-6,10,-32,0,-13,-7,9,-5,27,8,7,11,-15,10
-27,7,-8,-6,13,-7,32,-1,15,9,-7,10,-32,-1,-13,-7,8,-5,27,7,6,11,-16,9
-27,7,-8,-6,13,-7,32,-1,15,9,-7,10,-32,-1,-13,-7,8,-5,27,7,6,11,-16,9
-27,7,-8,-6,14,-7,34,-1,16,9,-6,10,-34,-1,-14,-7,7,-5,27,7,6,10,-16,9
-27,7,-8,-6,14,-7,34,-1,16,9,-6,10,-34,-1,-14,-7,7,-5,27,7,6,10,-16,9
-27,7,-8,-6,13,-8,32,-1,15,9,-6,11,-30,-2,-12,-8,10,-6,28,7,8,10,-14,9
-27,7,-8,-6,13,-8,32,-1,15,9,-6,11,-30,-2,-12,-8,10,-6,28,7,8,10,-14,9
-27,7,-8,-6,14,-8,33,-1,16,9,-6,10,-33,-2,-13,-8,9,-7,28,7,7,10,-16,8
-27,7,-8,-6,14,-8,33,-1,16,9,-6,10,-33,-2,-13,-8,9,-7,28,7,7,10,-16,8
-26,7,-7,-6,14,-8,34,-1,16,9,-6,10,-31,-2,-13,-8,8,-7,27,6,6,9,-15,8
-26,6,-7,-6,14,-7,33,-2,16,9,-6,9,-33,-2,-14,-7,8,-6,27,7,5,10,-16,8
-26,6,-7,-6,14,-7,33,-2,16,9,-6,9,-33,-2,-14,-7,8,-6,27,7,5,10,-16,8
-26,7,-7,-7,15,-8,34,-1,17,9,-5,10,-31,1,-12,-7,9,-6,28,7,8,11,-15,10
-26,7,-7,-7,15,-8,34,-1,17,9,-5,10,-31,1,-12,-7,9,-6,28,7,8,11,-15,10
-27,7,-8,-6,14,-7,33,-1,15,8,-7,9,-33,-1,-13,-7,9,-6,28,7,7,10,-15,8
-27,7,-8,-6,14,-7,33,-1,15,8,-7,9,-33,-1,-13,-7,9,-6,28,7,7,10,-15,8
-27,7,-8,-6,13,-8,32,-1,16,8,-6,10,-33,-1,-14,-8,8,-6,27,7,6,11,-16,9
-27,6,-8,-7,13,-9,31,-2,15,8,-7,9,-31,0,-12,-7,9,-5,28,7,7,11,-14,10
-27,6,-8,-7,13,-9,31,-2,15,8,-7,9,-31,0,-12,-7,9,-5,28,7,7,11,-14,10
-27,7,-7,-6,14,-8,34,-1,16,8,-6,10,-31,-2,-12,-7,9,-5,28,7,7,10,-15,8
-27,7,-7,-6,14,-8,34,-1,16,8,-6,10,-31,-2,-12,-7,9,-5,28,7,7,10,-15,8
-27,7,-7,-6,14,-8,32,-1,16,9,-6,10,-31,-1,-13,-8,9,-7,27,6,7,10,-15,9
-27,7,-7,-6,14,-8,32,-1,16,9,-6,10,-31,-1,-13,-8,9,-7,27,6,7,10,-15,9
-26,7,-7,-5,14,-7,33,0,16,9,-6,10,-34,-2,-15,-7,6,-6,25,6,5,10,-17,8
-26,7,-7,-5,14,-7,33,0,16,9,-6,10,-34,-2,-15,-7,6,-6,25,6,5,10,-17,8
-28,6,-9,-6,12,-8,30,-2,13,8,-8,9,-34,-3,-14,-8,8,-6,26,6,6,10,-16,9
-28,6,-9,-7,11,-9,30,-2,13,8,-8,9,-30,-1,-12,-8,9,-7,27,6,7,10,-14,9
-28,6,-9,-7,11,-9,30,-2,13,8,-8,9,-30,-1,-12,-8,9,-7,27,6,7,10,-14,9
-28,6,-9,-7,12,-9,30,-2,14,8,-8,9,-30,-1,-12,-8,9,-6,28,6,7,10,-14,9
-26,7,-7,-6,14,-8,33,-1,16,9,-6,10,-34,-2,-14,-8,7,-6,26,6,5,10,-16,8
-26,7,-7,-6,14,-8,33,-1,16,9,-6,10,-34,-2,-14,-8,7,-6,26,6,5,10,-16,8
-26,7,-7,-6,14,-8,33,-1,16,9,-6,10,-34,-2,-14,-8,7,-6,26,6,5,10,-16,8
-27,7,-8,-6,13,-8,32,-1,15,9,-7,10,-31,-2,-13,-9,8,-7,27,5,7,9,-15,8
-27,8,-7,-5,14,-7,33,-1,16,9,-6,10,-34,-2,-14,-7,7,-6,26,7,6,10,-16,9
-27,8,-7,-5,14,-7,33,-1,16,9,-6,10,-34,-2,-14,-7,7,-6,26,7,6,10,-16,9
-27,7,-7,-6,14,-7,33,-1,16,9,-6,10,-32,-2,-12,-7,10,-7,28,6,8,10,-15,9
-27,7,-7,-6,14,-7,33,-1,16,9,-6,10,-32,-2,-12,-7,10,-7,28,6,8,10,-15,9
-26,7,-7,-6,14,-7,33,-1,16,9,-6,10,-31,1,-13,-7,8,-5,28,8,7,11,-15,10
-26,6,-8,-7,13,-9,32,-2,15,8,-6,9,-31,-1,-12,-8,8,-7,27,6,7,10,-15,9
-26,6,-8,-7,13,-9,32,-2,15,8,-6,9,-31,-1,-12,-8,8,-7,27,6,7,10,-15,9
-26,6,-8,-7,13,-9,32,-2,15,8,-6,9,-31,-1,-12,-8,8,-7,27,6,7,10,-15,9
-26,7,-7,-6,14,-7,34,-1,16,9,-5,10,-32,0,-13,-7,8,-5,27,7,7,11,-15,10
-27,7,-8,-6,13,-8,32,-1,15,10,-7,11,-30,0,-12,-7,10,-5,29,8,8,13,-14,12
-27,7,-8,-6,13,-8,32,-1,15,10,-7,11,-30,0,-12,-7,10,-5,29,8,8,13,-14,12
-26,7,-7,-6,14,-7,34,-1,17,9,-5,10,-32,-1,-13,-7,9,-5,27,7,7,11,-15,9
-25,7,-6,-6,15,-8,35,1,17,10,-5,11,-28,-1,-11,-9,10,-7,30,6,9,9,-13,8
-25,7,-6,-6,15,-8,35,1,17,10,-5,11,-28,-1,-11,-9,10,-7,30,6,9,9,-13,8
-25,7,-6,-6,15,-8,35,1,17,10,-5,11,-28,-1,-11,-9,10,-7,30,6,9,9,-13,8
-27,7,-7,-6,15,-7,35,0,17,9,-6,10,-31,-1,-12,-7,8,-6,28,6,7,10,-14,8
-27,6,-8,-6,13,-7,34,0,15,9,-6,9,-32,-2,-13,-7,7,-6,27,6,7,8,-15,7
-27,6,-8,-6,13,-7,34,0,15,9,-6,9,-32,-2,-13,-7,7,-6,27,6,7,8,-15,7
-23,9,1,-3,25,-3,48,5,26,13,0,12,-32,-1,-12,-8,10,-7,31,5,9,8,-14,8
-26,6,-6,-6,15,-7,35,1,17,10,-6,10,-33,-1,-15,-7,6,-6,26,6,5,9,-17,8
-26,6,-6,-6,15,-7,35,1,17,10,-6,10,-33,-1,-15,-7,6,-6,26,6,5,9,-17,8
-26,6,-7,-7,14,-8,32,-2,16,8,-6,9,-33,-1,-14,-7,7,-5,26,7,6,11,-16,9
-26,6,-7,-7,14,-8,32,-2,16,8,-6,9,-33,-1,-14,-7,7,-5,26,7,6,11,-16,9
-26,6,-7,-7,14,-8,32,-2,16,8,-6,9,-33,-1,-14,-7,7,-5,26,7,6,11,-16,9
-27,7,-6,-5,16,-6,35,1,18,10,-5,11,-32,-2,-13,-8,9,-6,30,6,9,9,-14,9
-27,7,-8,-5,13,-7,33,-1,15,8,-6,9,-34,-2,-15,-7,7,-6,26,6,5,10,-17,8
-27,7,-8,-5,13,-7,33,-1,15,8,-6,9,-34,-2,-15,-7,7,-6,26,6,5,10,-17,8
-29,8,-9,-6,12,-8,31,-1,14,10,-8,10,-31,-1,-13,-7,8,-6,28,7,7,11,-15,10
-28,7,-9,-5,12,-7,31,-1,14,9,-7,10,-34,-2,-15,-7,6,-5,25,7,4,10,-17,8
-28,7,-9,-5,12,-7,31,-1,14,9,-7,10,-34,-2,-15,-7,6,-5,25,7,4,10,-17,8
-28,8,-8,-5,13,-7,31,0,15,10,-7,10,-32,0,-13,-7,8,-5,27,7,7,10,-15,9
-28,8,-8,-5,13,-7,31,0,15,10,-7,10,-32,0,-13,-7,8,-5,27,7,7,10,-15,9
-29,7,-9,-6,12,-7,31,-1,14,9,-7,10,-32,0,-14,-7,7,-5,27,7,6,11,-16,10
-28,7,-9,-6,12,-8,31,-1,14,9,-7,11,-30,-1,-12,-8,9,-6,28,6,8,10,-14,9
-28,7,-9,-6,12,-8,31,-1,14,9,-7,11,-30,-1,-12,-8,9,-6,28,6,8,10,-14,9
-28,7,-8,-5,13,-7,32,-1,15,10,-7,10,-30,0,-12,-7,10,-5,29,7,8,10,-13,10
-28,7,-8,-5,13,-7,32,-1,15,10,-7,10,-30,0,-12,-7,10,-5,29,7,8,10,-13,10
-29,7,-9,-6,12,-8,31,-1,14,10,-8,11,-34,-2,-14,-8,8,-6,27,7,6,10,-16,9
-28,7,-9,-5,12,-7,31,0,14,9,-8,10,-31,0,-14,-8,8,-6,27,6,6,9,-15,9
-28,7,-9,-5,12,-7,31,0,14,9,-8,10,-31,0,-14,-8,8,-6,27,6,6,9,-15,9
-27,7,-6,-6,15,-7,34,-1,16,9,-5,10,-32,-1,-13,-7,9,-6,27,7,7,10,-15,9
-27,7,-6,-6,15,-7,34,-1,16,9,-5,10,-32,-1,-13,-7,9,-6,27,7,7,10,-15,9
-28,7,-9,-6,12,-8,30,-1,14,9,-7,10,-31,-1,-12,-8,9,-6,27,6,7,9,-14,8
-28,7,-9,-6,12,-8,30,-1,14,9,-7,10,-31,-1,-12,-8,9,-6,27,6,7,9,-14,8
-28,7,-8,-6,13,-8,32,-1,15,9,-7,10,-32,-1,-13,-8,8,-6,27,7,6,10,-16,9
-28,7,-8,-6,13,-8,32,-1,15,9,-7,10,-32,-1,-13,-8,8,-6,27,7,6,10,-16,9
-30,4,-9,-6,12,-6,31,0,14,9,-8,9,-30,-3,-12,-8,9,-8,30,2,9,7,-13,7
-26,7,-5,-5,17,-6,37,1,19,9,-4,10,-34,-1,-14,-6,8,-6,28,7,7,10,-16,8
-26,7,-5,-5,17,-6,37,1,19,9,-4,10,-34,-1,-14,-6,8,-6,28,7,7,10,-16,8
-26,6,-6,-7,14,-8,32,-2,16,8,-5,9,-30,0,-12,-7,9,-6,27,7,7,10,-14,9
-26,6,-6,-7,14,-8,32,-2,16,8,-5,9,-30,0,-12,-7,9,-6,27,7,7,10,-14,9
-26,8,-7,-5,14,-7,33,-1,16,9,-6,11,-32,-1,-13,-6,8,-5,27,8,6,11,-15,10
-25,6,-7,-7,14,-8,33,-2,16,8,-5,9,-31,-3,-12,-8,9,-7,27,6,7,9,-14,8
